{
  "n_loops": 1447,
  "params": {
    "top_k": 5,
    "min_bow_score": 0.5,
    "temporal_window": 20,
    "min_inliers": 20,
    "reproj_threshold": 2.0
  },
  "loops": [
    {
      "kf_a": 7,
      "kf_b": 1452,
      "n_inliers": 35,
      "n_matches": 71,
      "bow_score": 0.6001332998275757,
      "T_a_to_b": [
        [
          0.9869165930719475,
          -0.01851809256801607,
          0.16016466079289293,
          -0.3401397467054117
        ],
        [
          0.020782917762001085,
          0.9997061557246627,
          -0.012476880039273084,
          -0.11889895940892328
        ],
        [
          -0.15988654930468033,
          0.015642328914164262,
          0.9870114532757881,
          12.702915591779243
        ],
        [
          0.0,
          0.0,
          0.0,
          1.0
        ]
      ]
    },
    {
      "kf_a": 8,
      "kf_b": 1451,
      "n_inliers": 60,
      "n_matches": 102,
      "bow_score": 0.5949622392654419,
      "T_a_to_b": [
        [
          0.9746864617730527,
          -0.018430844092301574,
          0.22281518175917162,
          -0.4723639719316095
        ],
        [
          0.022871039290987934,
          0.9995876274044199,
          -0.017363487603383413,
          -0.09309784219509767
        ],
        [
          -0.22240327515141836,
          0.02201997107282468,
          0.9747060603463357,
          9.950677345547977
        ],
        [
          0.0,
          0.0,
          0.0,
          1.0
        ]
      ]
    },
    {
      "kf_a": 8,
      "kf_b": 1450,
      "n_inliers": 95,
      "n_matches": 147,
      "bow_score": 0.586755633354187,
      "T_a_to_b": [
        [
          0.9566419754587014,
          -0.009016462297771581,
          0.29112683524214344,
          -0.8100615800372757
        ],
        [
          0.014021337042987272,
          0.9997875262433316,
          -0.01510974770691123,
          -0.07619723135526846
        ],
        [
          -0.2909287419592643,
          0.01853660637421046,
          0.9565651370012015,
          8.469739421617026
        ],
        [
          0.0,
          0.0,
          0.0,
          1.0
        ]
      ]
    },
    {
      "kf_a": 8,
      "kf_b": 1452,
      "n_inliers": 53,
      "n_matches": 91,
      "bow_score": 0.5814832448959351,
      "T_a_to_b": [
        [
          0.9869813923599979,
          -0.019597206713085458,
          0.15963608810091892,
          -0.2017512545468989
        ],
        [
          0.02291153786156766,
          0.999557927529868,
          -0.01894758414714203,
          -0.14303617036815228
        ],
        [
          -0.1591941976578848,
          0.022358421260001225,
          0.9869940772014909,
          11.35927365982762
        ],
        [
          0.0,
          0.0,
          0.0,
          1.0
        ]
      ]
    },
    {
      "kf_a": 9,
      "kf_b": 1453,
      "n_inliers": 47,
      "n_matches": 91,
      "bow_score": 0.5821537971496582,
      "T_a_to_b": [
        [
          0.9940090360263366,
          -0.021033695518371653,
          0.10725492972741814,
          -0.06454153649202277
        ],
        [
          0.02237014483061613,
          0.9996862044834541,
          -0.011272496871718272,
          -0.010937715319209507
        ],
        [
          -0.1069841713444107,
          0.01360427206086647,
          0.9941676472624945,
          11.687147479354858
        ],
        [
          0.0,
          0.0,
          0.0,
          1.0
        ]
      ]
    },
    {
      "kf_a": 9,
      "kf_b": 1452,
      "n_inliers": 70,
      "n_matches": 124,
      "bow_score": 0.5776599645614624,
      "T_a_to_b": [
        [
          0.9863483999687898,
          -0.022682732872216185,
          0.16310219958190658,
          -0.26811153217244854
        ],
        [
          0.023867267126220573,
          0.9997010530477608,
          -0.005306420179729963,
          0.022633687715878523
        ],
        [
          -0.1629330765649935,
          0.009126782820134254,
          0.9865949089653869,
          10.05525637406683
        ],
        [
          0.0,
          0.0,
          0.0,
          1.0
        ]
      ]
    },
    {
      "kf_a": 10,
      "kf_b": 1452,
      "n_inliers": 88,
      "n_matches": 128,
      "bow_score": 0.587820291519165,
      "T_a_to_b": [
        [
          0.9864088462645355,
          -0.019457612703020242,
          0.16315326940937214,
          -0.1606272312629684
        ],
        [
          0.022311319417772865,
          0.9996281538665434,
          -0.01567670319947384,
          -0.11017477229705255
        ],
        [
          -0.16278757027766588,
          0.019103803424071003,
          0.986476178961169,
          8.347404872480178
        ],
        [
          0.0,
          0.0,
          0.0,
          1.0
        ]
      ]
    },
    {
      "kf_a": 10,
      "kf_b": 1453,
      "n_inliers": 49,
      "n_matches": 92,
      "bow_score": 0.5868398547172546,
      "T_a_to_b": [
        [
          0.9941749100311389,
          -0.01638089192042845,
          0.1065265912552735,
          0.04242205417473799
        ],
        [
          0.018824333886010243,
          0.9995813410659172,
          -0.02197241558432742,
          -0.13587472012139062
        ],
        [
          -0.10612206518120951,
          0.023849716408243297,
          0.9940670492018743,
          9.973837315116596
        ],
        [
          0.0,
          0.0,
          0.0,
          1.0
        ]
      ]
    },
    {
      "kf_a": 10,
      "kf_b": 1450,
      "n_inliers": 130,
      "n_matches": 210,
      "bow_score": 0.5838948488235474,
      "T_a_to_b": [
        [
          0.9556110449780418,
          -0.008461324102224865,
          0.2945096546981303,
          -0.757725357330258
        ],
        [
          0.012765463542296877,
          0.9998379240145036,
          -0.012695221263062911,
          -0.04116776138264487
        ],
        [
          -0.29435450337395064,
          0.015891245917326432,
          0.9555641761005222,
          5.416708423649068
        ],
        [
          0.0,
          0.0,
          0.0,
          1.0
        ]
      ]
    },
    {
      "kf_a": 1452,
      "kf_b": 11,
      "n_inliers": 120,
      "n_matches": 160,
      "bow_score": 0.6238815188407898,
      "T_a_to_b": [
        [
          0.9861709807826821,
          0.02181787132401533,
          -0.16428870062488046,
          1.3065878535972915
        ],
        [
          -0.017230632279708363,
          0.9994222730769888,
          0.029295484103634174,
          -0.05862514753881523
        ],
        [
          0.16483295172193077,
          -0.02605955810280597,
          0.9859771789743016,
          -6.695614017507465
        ],
        [
          0.0,
          0.0,
          0.0,
          1.0
        ]
      ]
    },
    {
      "kf_a": 11,
      "kf_b": 1451,
      "n_inliers": 139,
      "n_matches": 225,
      "bow_score": 0.614500105381012,
      "T_a_to_b": [
        [
          0.9739161414262713,
          -0.014769147120105946,
          0.22642707824531016,
          -0.3173918266135518
        ],
        [
          0.020799675901672417,
          0.9994890231841155,
          -0.02427068224933221,
          -0.1181393761004701
        ],
        [
          -0.2259529219809926,
          0.0283472190489178,
          0.973725686330829,
          5.061095336062003
        ],
        [
          0.0,
          0.0,
          0.0,
          1.0
        ]
      ]
    },
    {
      "kf_a": 1450,
      "kf_b": 11,
      "n_inliers": 214,
      "n_matches": 289,
      "bow_score": 0.6001452803611755,
      "T_a_to_b": [
        [
          0.9550479183998516,
          0.0121981020745476,
          -0.2962004049050056,
          1.9117357128429766
        ],
        [
          -0.0048519853977377035,
          0.9996624446092122,
          0.02552361799655094,
          -0.03285095835234472
        ],
        [
          0.2964117605592101,
          -0.022939118198235877,
          0.9547847218396809,
          -3.5107020430480973
        ],
        [
          0.0,
          0.0,
          0.0,
          1.0
        ]
      ]
    },
    {
      "kf_a": 1451,
      "kf_b": 12,
      "n_inliers": 224,
      "n_matches": 290,
      "bow_score": 0.6309640407562256,
      "T_a_to_b": [
        [
          0.9737465990129323,
          0.018503116363662985,
          -0.22688145714354993,
          1.181880164980712
        ],
        [
          -0.013061046975749616,
          0.9995904042315262,
          0.02546434409426907,
          -0.03084033180919611
        ],
        [
          0.2272596971806594,
          -0.021832509088211126,
          0.9735894265984344,
          -3.341750320579978
        ],
        [
          0.0,
          0.0,
          0.0,
          1.0
        ]
      ]
    },
    {
      "kf_a": 1450,
      "kf_b": 12,
      "n_inliers": 223,
      "n_matches": 315,
      "bow_score": 0.61663419008255,
      "T_a_to_b": [
        [
          0.9555429825595084,
          0.011539073413924628,
          -0.29462596332643,
          1.3994809828503758
        ],
        [
          -0.005196551960405627,
          0.9997377912962618,
          0.022301221979853736,
          -0.028436203697022516
        ],
        [
          0.2948060452721444,
          -0.01977873703804075,
          0.9553523942672558,
          -1.9686517344899017
        ],
        [
          0.0,
          0.0,
          0.0,
          1.0
        ]
      ]
    },
    {
      "kf_a": 12,
      "kf_b": 1453,
      "n_inliers": 100,
      "n_matches": 172,
      "bow_score": 0.6119630336761475,
      "T_a_to_b": [
        [
          0.9938602863243199,
          -0.013541181078270608,
          0.10981059913481207,
          -0.039066289185666014
        ],
        [
          0.01677651650029347,
          0.9994503535700667,
          -0.0285926431584065,
          -0.1604926077048008
        ],
        [
          -0.10936306397251443,
          0.03025933184447527,
          0.9935411884138824,
          6.772619965170491
        ],
        [
          0.0,
          0.0,
          0.0,
          1.0
        ]
      ]
    },
    {
      "kf_a": 12,
      "kf_b": 1452,
      "n_inliers": 134,
      "n_matches": 206,
      "bow_score": 0.6065415143966675,
      "T_a_to_b": [
        [
          0.9862902995640892,
          -0.01529886790641819,
          0.16430882394613278,
          -0.1737491482906528
        ],
        [
          0.019503352874655842,
          0.999521547924275,
          -0.024006133835085288,
          -0.0803807674286965
        ],
        [
          -0.16386294337776902,
          0.026881589905423015,
          0.9861167861423569,
          5.1355823769809295
        ],
        [
          0.0,
          0.0,
          0.0,
          1.0
        ]
      ]
    },
    {
      "kf_a": 1449,
      "kf_b": 12,
      "n_inliers": 88,
      "n_matches": 139,
      "bow_score": 0.606278121471405,
      "T_a_to_b": [
        [
          0.9314805140975052,
          -0.002088621354134022,
          -0.3637852244353615,
          1.4494954875506616
        ],
        [
          0.008383381957006632,
          0.9998412027823932,
          0.015725397470975077,
          -0.009742735534242168
        ],
        [
          0.36369461195295455,
          -0.017697651807408493,
          0.9313501072941869,
          -0.4942134413171231
        ],
        [
          0.0,
          0.0,
          0.0,
          1.0
        ]
      ]
    },
    {
      "kf_a": 1451,
      "kf_b": 13,
      "n_inliers": 319,
      "n_matches": 423,
      "bow_score": 0.6590596437454224,
      "T_a_to_b": [
        [
          0.9740606078760915,
          0.016175720814545044,
          -0.22570839204643908,
          0.834342666412581
        ],
        [
          -0.012818973523538208,
          0.9997844822169654,
          0.016329820450861267,
          -0.012305409909071318
        ],
        [
          0.22592389449073771,
          -0.013012884933189667,
          0.9740580366301864,
          -1.7741091255237893
        ],
        [
          0.0,
          0.0,
          0.0,
          1.0
        ]
      ]
    },
    {
      "kf_a": 13,
      "kf_b": 1450,
      "n_inliers": 188,
      "n_matches": 308,
      "bow_score": 0.6363042593002319,
      "T_a_to_b": [
        [
          0.9561941034673895,
          -0.004585965433080305,
          0.29269746397131924,
          -0.718905507427253
        ],
        [
          0.008378217597897976,
          0.999896406329248,
          -0.011703934370013158,
          0.003191945329611883
        ],
        [
          -0.29261346852815473,
          0.013643516075480516,
          0.9561334700265548,
          0.4946570626712248
        ],
        [
          0.0,
          0.0,
          0.0,
          1.0
        ]
      ]
    },
    {
      "kf_a": 13,
      "kf_b": 1452,
      "n_inliers": 171,
      "n_matches": 277,
      "bow_score": 0.6155709624290466,
      "T_a_to_b": [
        [
          0.9865434851901449,
          -0.015472262178906723,
          0.16276535544135182,
          -0.13858215030280208
        ],
        [
          0.01800296454235112,
          0.9997387242799806,
          -0.0140846172373956,
          -0.058570661149653834
        ],
        [
          -0.1625049079153281,
          0.01682534629968327,
          0.9865642719181181,
          3.4281223361710333
        ],
        [
          0.0,
          0.0,
          0.0,
          1.0
        ]
      ]
    },
    {
      "kf_a": 13,
      "kf_b": 1453,
      "n_inliers": 147,
      "n_matches": 231,
      "bow_score": 0.6071404218673706,
      "T_a_to_b": [
        [
          0.9941337708960801,
          -0.01257002761082325,
          0.10742457805271222,
          0.01786034614770493
        ],
        [
          0.014797865432307225,
          0.9996911296431705,
          -0.019966684537221332,
          -0.09053048242661868
        ],
        [
          -0.10714041600902735,
          0.021439209841426703,
          0.9940127220205927,
          5.0680154222434926
        ],
        [
          0.0,
          0.0,
          0.0,
          1.0
        ]
      ]
    },
    {
      "kf_a": 1449,
      "kf_b": 13,
      "n_inliers": 100,
      "n_matches": 180,
      "bow_score": 0.6028929352760315,
      "T_a_to_b": [
        [
          0.9314196865447659,
          -0.004607295735953873,
          -0.3639177659071503,
          0.8553576144195383
        ],
        [
          0.00771514939057065,
          0.9999451256214129,
          0.007086763426125138,
          -0.0227494028199935
        ],
        [
          0.36386514533097447,
          -0.00940843089883477,
          0.9314041214431524,
          1.1809097355780038
        ],
        [
          0.0,
          0.0,
          0.0,
          1.0
        ]
      ]
    },
    {
      "kf_a": 1451,
      "kf_b": 14,
      "n_inliers": 322,
      "n_matches": 455,
      "bow_score": 0.6679509878158569,
      "T_a_to_b": [
        [
          0.9744998409679685,
          0.01171374671018804,
          -0.22408223510892986,
          0.44524108741074303
        ],
        [
          -0.010956821539596729,
          0.9999292944297244,
          0.004621060811411655,
          -0.008843857811109399
        ],
        [
          0.2241205211825851,
          -0.002047993965541464,
          0.974559283833243,
          -0.08596869862462579
        ],
        [
          0.0,
          0.0,
          0.0,
          1.0
        ]
      ]
    },
    {
      "kf_a": 1452,
      "kf_b": 14,
      "n_inliers": 329,
      "n_matches": 446,
      "bow_score": 0.6429629325866699,
      "T_a_to_b": [
        [
          0.9868888017752324,
          0.014949069551227517,
          -0.16070786617399502,
          0.42452999043547124
        ],
        [
          -0.01435050498840013,
          0.9998850950755576,
          0.004884634307810739,
          0.005119738436032119
        ],
        [
          0.16076242078677477,
          -0.0025143518639404844,
          0.9869899300891982,
          -1.6324124429603446
        ],
        [
          0.0,
          0.0,
          0.0,
          1.0
        ]
      ]
    },
    {
      "kf_a": 1453,
      "kf_b": 14,
      "n_inliers": 230,
      "n_matches": 314,
      "bow_score": 0.6384547352790833,
      "T_a_to_b": [
        [
          0.9943518080488158,
          0.012788883016618817,
          -0.10536093346795193,
          0.34557643520961495
        ],
        [
          -0.011858763405916807,
          0.9998850297846981,
          0.00944970597086885,
          0.0008114173554843937
        ],
        [
          0.10546967128294961,
          -0.00814688183544016,
          0.9943891475452787,
          -3.303242825743691
        ],
        [
          0.0,
          0.0,
          0.0,
          1.0
        ]
      ]
    },
    {
      "kf_a": 1454,
      "kf_b": 14,
      "n_inliers": 176,
      "n_matches": 223,
      "bow_score": 0.617531418800354,
      "T_a_to_b": [
        [
          0.9980571306211132,
          0.005759346109811754,
          -0.06203864883068855,
          0.20375806703812788
        ],
        [
          -0.0051290016862172855,
          0.9999336450929056,
          0.010314977116688839,
          0.01091023668700361
        ],
        [
          0.06209393978523893,
          -0.009976740129041668,
          0.9980204443288447,
          -5.0524750985405715
        ],
        [
          0.0,
          0.0,
          0.0,
          1.0
        ]
      ]
    },
    {
      "kf_a": 1449,
      "kf_b": 14,
      "n_inliers": 113,
      "n_matches": 181,
      "bow_score": 0.6128674745559692,
      "T_a_to_b": [
        [
          0.9321748737738409,
          -0.011040470091965723,
          -0.36183989929922344,
          0.21770598989612722
        ],
        [
          0.010313086005116542,
          0.9999390504992766,
          -0.003941515401009427,
          -0.044656915816741735
        ],
        [
          0.3618613615209212,
          -5.7504380141987655e-05,
          0.9322319194982928,
          2.7962707117467063
        ],
        [
          0.0,
          0.0,
          0.0,
          1.0
        ]
      ]
    },
    {
      "kf_a": 15,
      "kf_b": 1452,
      "n_inliers": 414,
      "n_matches": 564,
      "bow_score": 0.626137375831604,
      "T_a_to_b": [
        [
          0.986779072485375,
          -0.015081107639275403,
          0.1613679717207712,
          -0.15791163174099673
        ],
        [
          0.01573733692743984,
          0.9998722700361354,
          -0.0027892363144166096,
          0.008515954666015365
        ],
        [
          -0.1613052954224853,
          0.005291862163549908,
          0.9868903677022625,
          -0.17063745020345186
        ],
        [
          0.0,
          0.0,
          0.0,
          1.0
        ]
      ]
    },
    {
      "kf_a": 1454,
      "kf_b": 15,
      "n_inliers": 218,
      "n_matches": 282,
      "bow_score": 0.6244717836380005,
      "T_a_to_b": [
        [
          0.9980160299216646,
          0.00629708752709955,
          -0.0626446383026926,
          0.09158531596504242
        ],
        [
          -0.005669144563318551,
          0.9999319428403017,
          0.010196591957103826,
          0.010144067414382722
        ],
        [
          0.0627045837185714,
          -0.009821220713105169,
          0.9979838068848538,
          -3.234304644223703
        ],
        [
          0.0,
          0.0,
          0.0,
          1.0
        ]
      ]
    },
    {
      "kf_a": 1453,
      "kf_b": 15,
      "n_inliers": 393,
      "n_matches": 488,
      "bow_score": 0.6194635629653931,
      "T_a_to_b": [
        [
          0.9943310337106972,
          0.013491601099898411,
          -0.10546929458177702,
          0.13380059767022592
        ],
        [
          -0.012529741629458857,
          0.9998736987552549,
          0.009777121876344417,
          -0.007383652023794271
        ],
        [
          0.10558788270684967,
          -0.008400192691070063,
          0.9943744947394002,
          -1.4683466114373815
        ],
        [
          0.0,
          0.0,
          0.0,
          1.0
        ]
      ]
    },
    {
      "kf_a": 15,
      "kf_b": 1451,
      "n_inliers": 258,
      "n_matches": 368,
      "bow_score": 0.6180146932601929,
      "T_a_to_b": [
        [
          0.9744375163911513,
          -0.012270601021699062,
          0.2243233358347074,
          -0.4096019893897586
        ],
        [
          0.013017385118884742,
          0.9999135581145309,
          -0.0018504008769204847,
          0.022696632780213662
        ],
        [
          -0.2242812393717122,
          0.004723203288547715,
          0.9745130153141023,
          -1.6287083090700882
        ],
        [
          0.0,
          0.0,
          0.0,
          1.0
        ]
      ]
    },
    {
      "kf_a": 15,
      "kf_b": 1450,
      "n_inliers": 229,
      "n_matches": 319,
      "bow_score": 0.5997928977012634,
      "T_a_to_b": [
        [
          0.9562060220261516,
          -0.005754153190712193,
          0.2926378874342499,
          -0.7487931709417612
        ],
        [
          0.006178649762391565,
          0.9999807734552699,
          -0.0005263144629397358,
          0.03497812667272132
        ],
        [
          -0.29262923252477113,
          0.0023113720726048344,
          0.9562231903855424,
          -3.030499512979495
        ],
        [
          0.0,
          0.0,
          0.0,
          1.0
        ]
      ]
    },
    {
      "kf_a": 1453,
      "kf_b": 16,
      "n_inliers": 516,
      "n_matches": 647,
      "bow_score": 0.6869369745254517,
      "T_a_to_b": [
        [
          0.9942448475961796,
          0.017672414505532464,
          -0.1056639427335277,
          -0.07811184689660156
        ],
        [
          -0.017139050996531364,
          0.9998353895957252,
          0.005953708332020283,
          0.0030864584418763053
        ],
        [
          0.10575176575068557,
          -0.0041084641301971005,
          0.9943840729633108,
          0.4015843100985287
        ],
        [
          0.0,
          0.0,
          0.0,
          1.0
        ]
      ]
    },
    {
      "kf_a": 1454,
      "kf_b": 16,
      "n_inliers": 417,
      "n_matches": 517,
      "bow_score": 0.6573660373687744,
      "T_a_to_b": [
        [
          0.9979964321145779,
          0.010944174004951533,
          -0.06231650296608606,
          -0.03607214174597642
        ],
        [
          -0.010540848603274266,
          0.9999213405312697,
          0.0067972980566880494,
          0.0037434554484678494
        ],
        [
          0.062385991995765534,
          -0.006126810385343034,
          0.998033291126707,
          -1.359240179825217
        ],
        [
          0.0,
          0.0,
          0.0,
          1.0
        ]
      ]
    },
    {
      "kf_a": 16,
      "kf_b": 1451,
      "n_inliers": 176,
      "n_matches": 241,
      "bow_score": 0.6427334547042847,
      "T_a_to_b": [
        [
          0.9744607678427654,
          -0.017628794283981286,
          0.22386477513753958,
          -0.37792798940843025
        ],
        [
          0.017513097921159945,
          0.9998435023473559,
          0.0025024418028859264,
          0.03152304221065085
        ],
        [
          -0.22387385585747158,
          0.0014820343673601305,
          0.9746170018205316,
          -3.5396444973990064
        ],
        [
          0.0,
          0.0,
          0.0,
          1.0
        ]
      ]
    },
    {
      "kf_a": 16,
      "kf_b": 1452,
      "n_inliers": 276,
      "n_matches": 364,
      "bow_score": 0.6365100145339966,
      "T_a_to_b": [
        [
          0.9867915467515673,
          -0.019817436016947486,
          0.16077845779010155,
          -0.13379755638519483
        ],
        [
          0.01983916433860336,
          0.9998021032884568,
          0.0014703123218670429,
          0.02209228443385057
        ],
        [
          -0.16077577808238144,
          0.0017388184759019522,
          0.9869894253193966,
          -2.014126357206432
        ],
        [
          0.0,
          0.0,
          0.0,
          1.0
        ]
      ]
    },
    {
      "kf_a": 16,
      "kf_b": 1455,
      "n_inliers": 152,
      "n_matches": 244,
      "bow_score": 0.6184293031692505,
      "T_a_to_b": [
        [
          0.9994590537437253,
          -0.00413598760972092,
          0.032626576531860234,
          0.1836971941999988
        ],
        [
          0.004384517278794273,
          0.9999618895330405,
          -0.00754953573030993,
          -0.04499195232877608
        ],
        [
          -0.03259410833155361,
          0.007688503625771849,
          0.99943909820162,
          3.1598516348199848
        ],
        [
          0.0,
          0.0,
          0.0,
          1.0
        ]
      ]
    },
    {
      "kf_a": 17,
      "kf_b": 1454,
      "n_inliers": 489,
      "n_matches": 599,
      "bow_score": 0.678633451461792,
      "T_a_to_b": [
        [
          0.9979407731829592,
          -0.015769256336930576,
          0.062173497356814066,
          0.15593509715351525
        ],
        [
          0.016133939827016303,
          0.9998554304809093,
          -0.005367878863547287,
          0.0122012558054023
        ],
        [
          -0.06207986150641614,
          0.006359928648630851,
          0.998050921598156,
          -0.616091919560751
        ],
        [
          0.0,
          0.0,
          0.0,
          1.0
        ]
      ]
    },
    {
      "kf_a": 1455,
      "kf_b": 17,
      "n_inliers": 401,
      "n_matches": 481,
      "bow_score": 0.6596500277519226,
      "T_a_to_b": [
        [
          0.9993841602065668,
          0.00942629107856942,
          -0.03380007935962784,
          -0.1475794700856232
        ],
        [
          -0.009188270914193901,
          0.9999319343898326,
          0.0071904287086893386,
          0.008294507992800189
        ],
        [
          0.033865557810590335,
          -0.006875436270481171,
          0.9994027478300568,
          -1.242144426764282
        ],
        [
          0.0,
          0.0,
          0.0,
          1.0
        ]
      ]
    },
    {
      "kf_a": 17,
      "kf_b": 1457,
      "n_inliers": 97,
      "n_matches": 144,
      "bow_score": 0.6383363008499146,
      "T_a_to_b": [
        [
          0.999887394682516,
          -0.003018238914251542,
          0.014699938396714888,
          0.19197194121750102
        ],
        [
          0.0030826688623075233,
          0.9999857335426015,
          -0.004362323228598667,
          -0.05665362513573258
        ],
        [
          -0.014686562146944896,
          0.004407147050179916,
          0.9998824340627163,
          4.190402053101741
        ],
        [
          0.0,
          0.0,
          0.0,
          1.0
        ]
      ]
    },
    {
      "kf_a": 1456,
      "kf_b": 17,
      "n_inliers": 163,
      "n_matches": 214,
      "bow_score": 0.6285055875778198,
      "T_a_to_b": [
        [
          0.9998272724595219,
          0.004603460214250357,
          -0.018006482171950985,
          -0.1556748667046346
        ],
        [
          -0.004485769651814884,
          0.9999683497484457,
          0.006570949094380157,
          0.019933888906848798
        ],
        [
          0.018036161364986487,
          -0.006489041179241575,
          0.9998162777369601,
          -3.182862919699927
        ],
        [
          0.0,
          0.0,
          0.0,
          1.0
        ]
      ]
    },
    {
      "kf_a": 17,
      "kf_b": 1458,
      "n_inliers": 76,
      "n_matches": 101,
      "bow_score": 0.6240704655647278,
      "T_a_to_b": [
        [
          0.9999217996188849,
          -0.0005557497870686087,
          0.012493429837501012,
          0.2038114213968804
        ],
        [
          0.0006129422166389844,
          0.9999893493541029,
          -0.004574437691885855,
          -0.05095295404688063
        ],
        [
          -0.012490754531630547,
          0.004581737719692986,
          0.9999114904483788,
          5.236845850044557
        ],
        [
          0.0,
          0.0,
          0.0,
          1.0
        ]
      ]
    },
    {
      "kf_a": 1457,
      "kf_b": 18,
      "n_inliers": 222,
      "n_matches": 262,
      "bow_score": 0.6517601609230042,
      "T_a_to_b": [
        [
          0.999889436229212,
          0.0033782751711126336,
          -0.014481110941385439,
          -0.19427556176112137
        ],
        [
          -0.0033160681846713374,
          0.9999851809262792,
          0.004317594194826412,
          0.018652542615259983
        ],
        [
          0.014495482366002165,
          -0.004269096474060068,
          0.9998858213847579,
          -2.205054773051235
        ],
        [
          0.0,
          0.0,
          0.0,
          1.0
        ]
      ]
    },
    {
      "kf_a": 1456,
      "kf_b": 18,
      "n_inliers": 371,
      "n_matches": 441,
      "bow_score": 0.6487916707992554,
      "T_a_to_b": [
        [
          0.9998061902398484,
          0.005669025769032271,
          -0.01885322531850171,
          -0.1942890908486184
        ],
        [
          -0.005552676819112262,
          0.9999652519299737,
          0.006217934767007846,
          0.014267370110017203
        ],
        [
          0.018887819837732443,
          -0.006112043803370493,
          0.9998029271723119,
          -1.194123857626995
        ],
        [
          0.0,
          0.0,
          0.0,
          1.0
        ]
      ]
    },
    {
      "kf_a": 18,
      "kf_b": 1455,
      "n_inliers": 495,
      "n_matches": 573,
      "bow_score": 0.6453464031219482,
      "T_a_to_b": [
        [
          0.9993592013155154,
          -0.010300905272649107,
          0.0342794121387598,
          0.20359171956867483
        ],
        [
          0.010545533203606305,
          0.9999201499057435,
          -0.006963156032077258,
          0.008636006304964108
        ],
        [
          -0.03420494811378435,
          0.007320188729761464,
          0.9993880309276743,
          -0.7481542201136697
        ],
        [
          0.0,
          0.0,
          0.0,
          1.0
        ]
      ]
    },
    {
      "kf_a": 18,
      "kf_b": 1454,
      "n_inliers": 254,
      "n_matches": 323,
      "bow_score": 0.6217049360275269,
      "T_a_to_b": [
        [
          0.9979188071314479,
          -0.016973030763037095,
          0.06220908776107599,
          0.1701921599009028
        ],
        [
          0.01731670718561514,
          0.9998376049961356,
          -0.004989517796258556,
          0.03288060393295933
        ],
        [
          -0.06211429807698002,
          0.0060563902044462326,
          0.9980506671066833,
          -2.59896508558305
        ],
        [
          0.0,
          0.0,
          0.0,
          1.0
        ]
      ]
    },
    {
      "kf_a": 18,
      "kf_b": 1458,
      "n_inliers": 109,
      "n_matches": 170,
      "bow_score": 0.6128359436988831,
      "T_a_to_b": [
        [
          0.9998959326717091,
          -0.0018527316527289402,
          0.014307033654681795,
          0.2008872690483645
        ],
        [
          0.0019025482280199423,
          0.9999921726628261,
          -0.0034691387001162593,
          -0.046380023059725335
        ],
        [
          -0.014300494285628011,
          0.003495997497648195,
          0.9998916310604281,
          3.1991759689610126
        ],
        [
          0.0,
          0.0,
          0.0,
          1.0
        ]
      ]
    },
    {
      "kf_a": 1456,
      "kf_b": 19,
      "n_inliers": 555,
      "n_matches": 656,
      "bow_score": 0.6875821352005005,
      "T_a_to_b": [
        [
          0.999798378674755,
          0.006403995945743186,
          -0.01903131196891458,
          -0.22395135461910337
        ],
        [
          -0.006255446472830642,
          0.9999495841965138,
          0.007854836385605647,
          -0.0009280879423467876
        ],
        [
          0.019080654830398173,
          -0.00773420332975469,
          0.9997880328900207,
          -0.1967147595916203
        ],
        [
          0.0,
          0.0,
          0.0,
          1.0
        ]
      ]
    },
    {
      "kf_a": 1457,
      "kf_b": 19,
      "n_inliers": 358,
      "n_matches": 428,
      "bow_score": 0.6737708449363708,
      "T_a_to_b": [
        [
          0.9998878220006097,
          0.004305202288263781,
          -0.014346032487560025,
          -0.22241589786789473
        ],
        [
          -0.004226798138121751,
          0.9999759909248959,
          0.0054910610333687455,
          0.011741639447779844
        ],
        [
          0.01436932818111445,
          -0.0054298072737196165,
          0.9998820128398118,
          -1.2008299867141774
        ],
        [
          0.0,
          0.0,
          0.0,
          1.0
        ]
      ]
    },
    {
      "kf_a": 19,
      "kf_b": 1460,
      "n_inliers": 82,
      "n_matches": 143,
      "bow_score": 0.6297281384468079,
      "T_a_to_b": [
        [
          0.99990930591981,
          -0.0005658044215076013,
          0.013455846324943442,
          0.22677245129987827
        ],
        [
          0.0006676128759815066,
          0.9999711785689321,
          -0.007562825167134156,
          -0.03992304410916846
        ],
        [
          -0.013451179428277478,
          0.0075711225599257425,
          0.9998808648409925,
          4.34186054820535
        ],
        [
          0.0,
          0.0,
          0.0,
          1.0
        ]
      ]
    },
    {
      "kf_a": 19,
      "kf_b": 1459,
      "n_inliers": 124,
      "n_matches": 188,
      "bow_score": 0.6285964250564575,
      "T_a_to_b": [
        [
          0.9999251801760802,
          -0.0018642678745443516,
          0.012089605251016074,
          0.2804221208775593
        ],
        [
          0.0019364815863010506,
          0.99998033866234,
          -0.0059642541711197984,
          -0.038538248006702906
        ],
        [
          -0.012078248585758221,
          0.005987219224627143,
          0.999909130429889,
          3.3127533349483596
        ],
        [
          0.0,
          0.0,
          0.0,
          1.0
        ]
      ]
    },
    {
      "kf_a": 19,
      "kf_b": 1455,
      "n_inliers": 303,
      "n_matches": 367,
      "bow_score": 0.6275563836097717,
      "T_a_to_b": [
        [
          0.9993441837630974,
          -0.010946098273030013,
          0.03451644986764631,
          0.2126163045737159
        ],
        [
          0.011229638727176784,
          0.9999046905050297,
          -0.008031507959139891,
          0.019844221391400962
        ],
        [
          -0.03442524644683989,
          0.00841384802797183,
          0.9993718575027198,
          -1.7570601227039555
        ],
        [
          0.0,
          0.0,
          0.0,
          1.0
        ]
      ]
    },
    {
      "kf_a": 20,
      "kf_b": 1457,
      "n_inliers": 501,
      "n_matches": 641,
      "bow_score": 0.697616696357727,
      "T_a_to_b": [
        [
          0.9998780019001883,
          -0.004186412697903517,
          0.015048430642755543,
          0.24044953848314515
        ],
        [
          0.004301691148730883,
          0.9999615903891174,
          -0.007636307990645893,
          0.000207515826773054
        ],
        [
          -0.015015883901653015,
          0.007700110076479695,
          0.9998576056296528,
          0.18369275374654198
        ],
        [
          0.0,
          0.0,
          0.0,
          1.0
        ]
      ]
    },
    {
      "kf_a": 1458,
      "kf_b": 20,
      "n_inliers": 346,
      "n_matches": 414,
      "bow_score": 0.6657294631004333,
      "T_a_to_b": [
        [
          0.9999089948399462,
          0.002552680802524301,
          -0.013247107566891127,
          -0.23841768758291032
        ],
        [
          -0.0024561266029241168,
          0.9999703393170013,
          0.007299858104906445,
          -0.00028678000568406123
        ],
        [
          0.013265348856278477,
          -0.007266657206844408,
          0.9998856065634506,
          -1.2264772077334576
        ],
        [
          0.0,
          0.0,
          0.0,
          1.0
        ]
      ]
    },
    {
      "kf_a": 20,
      "kf_b": 1456,
      "n_inliers": 406,
      "n_matches": 503,
      "bow_score": 0.6615315079689026,
      "T_a_to_b": [
        [
          0.9997855464878185,
          -0.006692556704293513,
          0.01959772228637552,
          0.23284874786252108
        ],
        [
          0.006876299640362883,
          0.999932893105136,
          -0.009323400112001938,
          0.011241980137297287
        ],
        [
          -0.019534009760160072,
          0.009456160486812203,
          0.9997644740095227,
          -0.8238864025403545
        ],
        [
          0.0,
          0.0,
          0.0,
          1.0
        ]
      ]
    },
    {
      "kf_a": 20,
      "kf_b": 1455,
      "n_inliers": 165,
      "n_matches": 215,
      "bow_score": 0.6405364274978638,
      "T_a_to_b": [
        [
          0.9993398666782877,
          -0.011641186832329236,
          0.03441385820504576,
          0.22446952522553276
        ],
        [
          0.011975059347194087,
          0.9998830574589629,
          -0.009511538263999905,
          0.03728746710768036
        ],
        [
          -0.0342991081670263,
          0.009917367375022426,
          0.9993624052381076,
          -2.7476782067043857
        ],
        [
          0.0,
          0.0,
          0.0,
          1.0
        ]
      ]
    },
    {
      "kf_a": 20,
      "kf_b": 1463,
      "n_inliers": 34,
      "n_matches": 68,
      "bow_score": 0.6345562934875488,
      "T_a_to_b": [
        [
          0.999883862669749,
          -0.0031500635486827124,
          0.014911011778601284,
          0.1728918643554671
        ],
        [
          0.0031169339384126715,
          0.9999926233537906,
          0.0022445402262976366,
          -0.09485279354367357
        ],
        [
          -0.014917972229693184,
          -0.0021978029127193016,
          0.9998863054202267,
          6.6846966965416055
        ],
        [
          0.0,
          0.0,
          0.0,
          1.0
        ]
      ]
    },
    {
      "kf_a": 1459,
      "kf_b": 21,
      "n_inliers": 334,
      "n_matches": 411,
      "bow_score": 0.6839544773101807,
      "T_a_to_b": [
        [
          0.999906293199768,
          0.0034511699566125175,
          -0.01324742410546653,
          -0.24907015391705
        ],
        [
          -0.003329327801977372,
          0.9999520585583388,
          0.009208483117628138,
          0.006018855824964397
        ],
        [
          0.013278569045138149,
          -0.009163515202761279,
          0.9998698463266318,
          -1.2399520892667737
        ],
        [
          0.0,
          0.0,
          0.0,
          1.0
        ]
      ]
    },
    {
      "kf_a": 21,
      "kf_b": 1458,
      "n_inliers": 559,
      "n_matches": 664,
      "bow_score": 0.6830666065216064,
      "T_a_to_b": [
        [
          0.9999010649624138,
          -0.0038013914168565123,
          0.013542884121435962,
          0.2515841491471989
        ],
        [
          0.003909698804870623,
          0.999960517057575,
