{
  "n_loops": 65,
  "params": {
    "top_k": 5,
    "min_bow_score": 0.5,
    "temporal_window": 20,
    "min_inliers": 20,
    "reproj_threshold": 2.0
  },
  "loops": [
    {
      "kf_a": 522,
      "kf_b": 0,
      "n_inliers": 503,
      "n_matches": 635,
      "bow_score": 0.7128567695617676,
      "T_a_to_b": [
        [
          0.9997343039599337,
          -0.014195499888033253,
          0.018160651658894075,
          0.2653810623153359
        ],
        [
          0.014136890699551425,
          0.999894452023873,
          0.003351586673181887,
          0.0069982347340263535
        ],
        [
          -0.018206312287110223,
          -0.003093961022340435,
          0.9998294642578285,
          -0.7297131038578248
        ],
        [
          0.0,
          0.0,
          0.0,
          1.0
        ]
      ]
    },
    {
      "kf_a": 0,
      "kf_b": 521,
      "n_inliers": 312,
      "n_matches": 409,
      "bow_score": 0.685349702835083,
      "T_a_to_b": [
        [
          0.9996060002805983,
          0.003959156202196917,
          -0.027787934165586857,
          -0.24209434807493294
        ],
        [
          -0.004030122114986738,
          0.9999887582470353,
          -0.0024982984791039014,
          0.013023079335348572
        ],
        [
          0.027777730626577082,
          0.002609302918214695,
          0.9996107188398483,
          -0.4409418976686113
        ],
        [
          0.0,
          0.0,
          0.0,
          1.0
        ]
      ]
    },
    {
      "kf_a": 523,
      "kf_b": 0,
      "n_inliers": 254,
      "n_matches": 340,
      "bow_score": 0.6787476539611816,
      "T_a_to_b": [
        [
          0.9999852223816627,
          0.005419672868966819,
          -0.0004268070875387556,
          0.24952342492337604
        ],
        [
          -0.005417077328199233,
          0.9999681327099668,
          0.005864199669404298,
          0.01336821136097335
        ],
        [
          0.0004585755301999893,
          -0.005861800963502308,
          0.9999827143495769,
          -1.9360410083637376
        ],
        [
          0.0,
          0.0,
          0.0,
          1.0
        ]
      ]
    },
    {
      "kf_a": 525,
      "kf_b": 0,
      "n_inliers": 122,
      "n_matches": 173,
      "bow_score": 0.6415988802909851,
      "T_a_to_b": [
        [
          0.9957042297610664,
          -0.005893475062634665,
          0.09240321308053978,
          -0.004037077834360803
        ],
        [
          0.0041851353336980444,
          0.9998169267304828,
          0.018670770349692882,
          0.02410693278403797
        ],
        [
          -0.09249633224166331,
          -0.01820384505807611,
          0.9955466079229749,
          -3.938397894154186
        ],
        [
          0.0,
          0.0,
          0.0,
          1.0
        ]
      ]
    },
    {
      "kf_a": 527,
      "kf_b": 0,
      "n_inliers": 53,
      "n_matches": 96,
      "bow_score": 0.6399707794189453,
      "T_a_to_b": [
        [
          0.9713261596384916,
          -0.020293428754394938,
          0.23688323780151666,
          -0.5672764087536154
        ],
        [
          0.021781834716286273,
          0.9997560205026531,
          -0.0036675802773798367,
          0.19550367216885198
        ],
        [
          -0.23675101536916793,
          0.008722168198844606,
          0.971531204081258,
          -5.970178308130596
        ],
        [
          0.0,
          0.0,
          0.0,
          1.0
        ]
      ]
    },
    {
      "kf_a": 523,
      "kf_b": 1,
      "n_inliers": 360,
      "n_matches": 452,
      "bow_score": 0.7099030017852783,
      "T_a_to_b": [
        [
          0.9938481790697519,
          0.005308515710590669,
          -0.1106237615555033,
          0.08194069624255113
        ],
        [
          -0.005152267893354538,
          0.9999852849524983,
          0.0016982385067932464,
          0.007558945889073762
        ],
        [
          0.11063114884739084,
          -0.0011178279926980716,
          0.9938609054416443,
          -0.8796415299449069
        ],
        [
          0.0,
          0.0,
          0.0,
          1.0
        ]
      ]
    },
    {
      "kf_a": 1,
      "kf_b": 522,
      "n_inliers": 444,
      "n_matches": 569,
      "bow_score": 0.7009863257408142,
      "T_a_to_b": [
        [
          0.9955605005411066,
          0.014656154145332544,
          0.09297573289847975,
          -0.1771756367832059
        ],
        [
          -0.014827145923423985,
          0.9998894121711994,
          0.0011485520008706475,
          0.008818676693248949
        ],
        [
          -0.09294861755887869,
          -0.002522017763907338,
          0.9956677126031012,
          -0.2838357578151501
        ],
        [
          0.0,
          0.0,
          0.0,
          1.0
        ]
      ]
    },
    {
      "kf_a": 1,
      "kf_b": 521,
      "n_inliers": 258,
      "n_matches": 350,
      "bow_score": 0.6832964420318604,
      "T_a_to_b": [
        [
          0.9965666796738496,
          0.0033989662433168604,
          0.08272424065723182,
          -0.2508202224335257
        ],
        [
          -0.003629945231823352,
          0.9999899218384543,
          0.0026419158079154913,
          0.012421514561426598
        ],
        [
          -0.08271442716632192,
          -0.0029331297276021257,
          0.9965689741751688,
          -1.4363020761057326
        ],
        [
          0.0,
          0.0,
          0.0,
          1.0
        ]
      ]
    },
    {
      "kf_a": 525,
      "kf_b": 1,
      "n_inliers": 151,
      "n_matches": 220,
      "bow_score": 0.6707755327224731,
      "T_a_to_b": [
        [
          0.9998033060347327,
          -0.008051801415693708,
          -0.018125058233865125,
          -0.05077980751269856
        ],
        [
          0.008305369722808131,
          0.999868083215226,
          0.01395840253314706,
          0.03326242960399355
        ],
        [
          0.018010276949181853,
          -0.014106192309483699,
          0.9997382883848861,
          -2.9752629521369727
        ],
        [
          0.0,
          0.0,
          0.0,
          1.0
        ]
      ]
    },
    {
      "kf_a": 527,
      "kf_b": 1,
      "n_inliers": 81,
      "n_matches": 117,
      "bow_score": 0.6705056428909302,
      "T_a_to_b": [
        [
          0.9915250361177298,
          -0.01913229908974416,
          0.1284992524619314,
          -0.471677083848948
        ],
        [
          0.020626969443446216,
          0.999734071183124,
          -0.010310918833724312,
          0.16520726064261215
        ],
        [
          -0.12826780922473785,
          0.01287408432305341,
          0.9916560023866791,
          -5.011236147805984
        ],
        [
          0.0,
          0.0,
          0.0,
          1.0
        ]
      ]
    },
    {
      "kf_a": 2,
      "kf_b": 522,
      "n_inliers": 288,
      "n_matches": 364,
      "bow_score": 0.6821343302726746,
      "T_a_to_b": [
        [
          0.9677446544543251,
          -0.0014581218782814033,
          0.25192887419997523,
          -0.1350430689750038
        ],
        [
          -0.0007562479617940329,
          0.9999619325220612,
          0.008692617313840781,
          0.03078911527033841
        ],
        [
          -0.2519319587985993,
          -0.008602754636317328,
          0.9677067121543428,
          -1.3176659742070091
        ],
        [
          0.0,
          0.0,
          0.0,
          1.0
        ]
      ]
    },
    {
      "kf_a": 523,
      "kf_b": 2,
      "n_inliers": 273,
      "n_matches": 358,
      "bow_score": 0.6676985025405884,
      "T_a_to_b": [
        [
          0.9625048015928458,
          0.018056830848660384,
          -0.2706629966774539,
          -0.22285418975716684
        ],
        [
          -0.0188180665159956,
          0.9998229008694604,
          -0.00021741567722558582,
          -0.03205014904929248
        ],
        [
          0.2706111366579656,
          0.005302617908166208,
          0.9626741374733216,
          0.05477443782332525
        ],
        [
          0.0,
          0.0,
          0.0,
          1.0
        ]
      ]
    },
    {
      "kf_a": 524,
      "kf_b": 2,
      "n_inliers": 193,
      "n_matches": 270,
      "bow_score": 0.6609529256820679,
      "T_a_to_b": [
        [
          0.9711421059967168,
          0.009775929634497992,
          -0.2383011564387449,
          -0.23553277301401487
        ],
        [
          -0.008683229668933375,
          0.9999464243943597,
          0.005634701718080621,
          0.01870418387916474
        ],
        [
          0.23834347375747122,
          -0.003402872421430091,
          0.9711749631124688,
          -1.034620197099171
        ],
        [
          0.0,
          0.0,
          0.0,
          1.0
        ]
      ]
    },
    {
      "kf_a": 525,
      "kf_b": 2,
      "n_inliers": 190,
      "n_matches": 241,
      "bow_score": 0.6453163623809814,
      "T_a_to_b": [
        [
          0.9837660922884175,
          0.006125406116163258,
          -0.17935092713306175,
          -0.27971901492323104
        ],
        [
          -0.0044668561714559536,
          0.9999434617338349,
          0.00964989801491371,
          -0.006185944025929542
        ],
        [
          0.17939989648692742,
          -0.008692107665392752,
          0.9837378331673602,
          -2.039338716456751
        ],
        [
          0.0,
          0.0,
          0.0,
          1.0
        ]
      ]
    },
    {
      "kf_a": 2,
      "kf_b": 521,
      "n_inliers": 206,
      "n_matches": 305,
      "bow_score": 0.645139217376709,
      "T_a_to_b": [
        [
          0.9700558846624922,
          -0.011885935866830358,
          0.24259081837579785,
          -0.4222273679951535
        ],
        [
          0.010121540382380508,
          0.9999124935561459,
          0.008518195267688954,
          0.053182006249149
        ],
        [
          -0.24267083683862298,
          -0.0058077326815404885,
          0.970091302501544,
          -2.3112530961300384
        ],
        [
          0.0,
          0.0,
          0.0,
          1.0
        ]
      ]
    },
    {
      "kf_a": 3,
      "kf_b": 522,
      "n_inliers": 208,
      "n_matches": 289,
      "bow_score": 0.6511117815971375,
      "T_a_to_b": [
        [
          0.9078568707234501,
          -0.012396606526636468,
          0.41909691770144114,
          -0.2717212720956004
        ],
        [
          0.00829140256953758,
          0.99989816351492,
          0.011615302101982921,
          0.03973910327298333
        ],
        [
          -0.41919822867428086,
          -0.007070130558498719,
          0.9078672030259883,
          -2.3516724471247534
        ],
        [
          0.0,
          0.0,
          0.0,
          1.0
        ]
      ]
    },
    {
      "kf_a": 3,
      "kf_b": 521,
      "n_inliers": 153,
      "n_matches": 242,
      "bow_score": 0.634835958480835,
      "T_a_to_b": [
        [
          0.9114128270694987,
          -0.020693633662986877,
          0.4109725443128851,
          -0.7576218978202
        ],
        [
          0.017156426578576113,
          0.9997772342744919,
          0.01229385429804682,
          0.02628347779264998
        ],
        [
          -0.41113539823303724,
          -0.00415395621904873,
          0.9115648243364222,
          -3.4287718023684137
        ],
        [
          0.0,
          0.0,
          0.0,
          1.0
        ]
      ]
    },
    {
      "kf_a": 3,
      "kf_b": 523,
      "n_inliers": 162,
      "n_matches": 245,
      "bow_score": 0.6227262020111084,
      "T_a_to_b": [
        [
          0.8993560213487437,
          -0.03064057389314125,
          0.4361420664132927,
          0.2744354983431673
        ],
        [
          0.029312835464201496,
          0.9995224899902209,
          0.00977495170307046,
          0.041395017814093577
        ],
        [
          -0.43623331434085444,
          0.003993398959240117,
          0.899824731947253,
          -1.269921991451214
        ],
        [
          0.0,
          0.0,
          0.0,
          1.0
        ]
      ]
    },
    {
      "kf_a": 4,
      "kf_b": 522,
      "n_inliers": 178,
      "n_matches": 248,
      "bow_score": 0.6283861994743347,
      "T_a_to_b": [
        [
          0.8181010413219724,
          -0.013503742655290907,
          0.5749159374397305,
          -0.6144368994898046
        ],
        [
          0.008725526181246664,
          0.9999006606089558,
          0.011069512484033093,
          0.03240611446126213
        ],
        [
          -0.5750083054885075,
          -0.00403953562596771,
          0.8181375989227984,
          -3.30811534987584
        ],
        [
          0.0,
          0.0,
          0.0,
          1.0
        ]
      ]
    },
    {
      "kf_a": 4,
      "kf_b": 521,
      "n_inliers": 110,
      "n_matches": 155,
      "bow_score": 0.6239549517631531,
      "T_a_to_b": [
        [
          0.8234421012404012,
          -0.021365304665623162,
          0.5669979097504133,
          -1.2812077950354936
        ],
        [
          0.018122202358025023,
          0.9997713072807739,
          0.01135424677322016,
          0.025475296000977928
        ],
        [
          -0.5671108283981955,
          0.000925686036131748,
          0.8236409724017346,
          -4.313519068623704
        ],
        [
          0.0,
          0.0,
          0.0,
          1.0
        ]
      ]
    },
    {
      "kf_a": 523,
      "kf_b": 4,
      "n_inliers": 123,
      "n_matches": 193,
      "bow_score": 0.6162381172180176,
      "T_a_to_b": [
        [
          0.8067251825364714,
          0.025862452444602845,
          -0.5903605791506134,
          -1.4806711961296266
        ],
        [
          -0.02580741548495009,
          0.9996305741939499,
          0.008525986316046038,
          0.006340412186394933
        ],
        [
          0.5903629876334425,
          0.008357552884959948,
          0.8070946004913495,
          1.8239468892063586
        ],
        [
          0.0,
          0.0,
          0.0,
          1.0
        ]
      ]
    },
    {
      "kf_a": 4,
      "kf_b": 524,
      "n_inliers": 87,
      "n_matches": 134,
      "bow_score": 0.5958403944969177,
      "T_a_to_b": [
        [
          0.8248946873909501,
          -0.013660785892453583,
          0.5651213477147958,
          0.7393137432915864
        ],
        [
          0.019108999820232345,
          0.9998104696711743,
          -0.0037243605862065515,
          0.03323689116002227
        ],
        [
          -0.5649633623873827,
          0.013871108993381523,
          0.8249993887847655,
          -1.3490731298670853
        ],
        [
          0.0,
          0.0,
          0.0,
          1.0
        ]
      ]
    },
    {
      "kf_a": 528,
      "kf_b": 4,
      "n_inliers": 34,
      "n_matches": 61,
      "bow_score": 0.5925009250640869,
      "T_a_to_b": [
        [
          0.9319819673614478,
          -0.01612236861897651,
          -0.36214593984083143,
          -1.322344332231242
        ],
        [
          0.005189726864276983,
          0.9995015270295169,
          -0.03114103724570003,
          0.1418558052437786
        ],
        [
          0.362467487160103,
          0.02714344664514284,
          0.9316010702312781,
          -2.8396626871279937
        ],
        [
          0.0,
          0.0,
          0.0,
          1.0
        ]
      ]
    },
    {
      "kf_a": 5,
      "kf_b": 526,
      "n_inliers": 22,
      "n_matches": 37,
      "bow_score": 0.5834014415740967,
      "T_a_to_b": [
        [
          0.8084887921799976,
          -0.004460034964725507,
          0.588494673729034,
          1.825240403587965
        ],
        [
          0.0018701421856714198,
          0.9999857043336046,
          0.005009360900371648,
          -0.01707159431103839
        ],
        [
          -0.5885086027302695,
          -0.0029494434285515744,
          0.8084855751934772,
          -0.6301650344717322
        ],
        [
          0.0,
          0.0,
          0.0,
          1.0
        ]
      ]
    },
    {
      "kf_a": 5,
      "kf_b": 523,
      "n_inliers": 58,
      "n_matches": 91,
      "bow_score": 0.5828105211257935,
      "T_a_to_b": [
        [
          0.6967894189386229,
          -0.0214001206525179,
          0.716956442534157,
          -0.15673807442252463
        ],
        [
          0.027432736421199224,
          0.9996186059811654,
          0.0031760901619436923,
          0.10571352304507119
        ],
        [
          -0.7167509683478783,
          0.017455011095082774,
          0.6971107314910948,
          -2.861828344082631
        ],
        [
          0.0,
          0.0,
          0.0,
          1.0
        ]
      ]
    },
    {
      "kf_a": 5,
      "kf_b": 522,
      "n_inliers": 88,
      "n_matches": 146,
      "bow_score": 0.5769089460372925,
      "T_a_to_b": [
        [
          0.7126089680205849,
          -0.008582137356544693,
          0.7015089490626832,
          -1.0941107338833092
        ],
        [
          0.004504154114646292,
          0.9999605336647135,
          0.007657918039061985,
          0.05426243737820112
        ],
        [
          -0.7015469843797694,
          -0.002297396651620302,
          0.7126194992254118,
          -4.046907201549413
        ],
        [
          0.0,
          0.0,
          0.0,
          1.0
        ]
      ]
    },
    {
      "kf_a": 5,
      "kf_b": 521,
      "n_inliers": 87,
      "n_matches": 133,
      "bow_score": 0.5706675052642822,
      "T_a_to_b": [
        [
          0.7176595733306196,
          -0.010007207642283309,
          0.6963221902267063,
          -1.9129506153540403
        ],
        [
          0.007619990017082425,
          0.9999497289644024,
          0.006517307431594592,
          0.029004321054423368
        ],
        [
          -0.6963524054378305,
          0.0006287600675778196,
          0.7176997506629947,
          -4.801235922864798
        ],
        [
          0.0,
          0.0,
          0.0,
          1.0
        ]
      ]
    },
    {
      "kf_a": 23,
      "kf_b": 48,
      "n_inliers": 20,
      "n_matches": 36,
      "bow_score": 0.5929898619651794,
      "T_a_to_b": [
        [
          0.9983117667469719,
          0.05745345115619865,
          0.008527445384289118,
          -0.15327059220015996
        ],
        [
          -0.05757272637839824,
          0.9982364277188325,
          0.014471197341695411,
          -0.30881142612392837
        ],
        [
          -0.00768098638833741,
          -0.014937714864948439,
          0.999858923610084,
          -0.663441486818151
        ],
        [
          0.0,
          0.0,
          0.0,
          1.0
        ]
      ]
    },
    {
      "kf_a": 49,
      "kf_b": 24,
      "n_inliers": 25,
      "n_matches": 35,
      "bow_score": 0.5887162685394287,
      "T_a_to_b": [
        [
          0.9992718583993001,
          -0.03177781693713888,
          -0.021116897544832026,
          0.06308116274700572
        ],
        [
          0.031353537886143396,
          0.9993056652432921,
          -0.020128166202700408,
          0.10340678995703043
        ],
        [
          0.021741864529782506,
          0.019451420600332746,
          0.9995743762038909,
          0.7391809271846338
        ],
        [
          0.0,
          0.0,
          0.0,
          1.0
        ]
      ]
    },
    {
      "kf_a": 25,
      "kf_b": 50,
      "n_inliers": 24,
      "n_matches": 34,
      "bow_score": 0.5907953977584839,
      "T_a_to_b": [
        [
          0.9983591202527258,
          0.014830722109782342,
          0.05530928213153621,
          -0.14259741967098344
        ],
        [
          -0.01524219229974212,
          0.9998591524602939,
          0.0070250135430841975,
          -0.02490456574742454
        ],
        [
          -0.055197305931550124,
          -0.007856521054846577,
          0.9984445565452363,
          -0.9038364964613308
        ],
        [
          0.0,
          0.0,
          0.0,
          1.0
        ]
      ]
    },
    {
      "kf_a": 50,
      "kf_b": 24,
      "n_inliers": 21,
      "n_matches": 34,
      "bow_score": 0.5989747643470764,
      "T_a_to_b": [
        [
          0.9976246719931584,
          -0.035576163569354315,
          -0.0589860188199673,
          0.3190794342496678
        ],
        [
          0.034389402025818715,
          0.9991875561729605,
          -0.02101420037530649,
          0.15922189714782142
        ],
        [
          0.059685700622926476,
          0.01893579084151127,
          0.9980376009782181,
          -0.9325991742409161
        ],
        [
          0.0,
          0.0,
          0.0,
          1.0
        ]
      ]
    },
    {
      "kf_a": 51,
      "kf_b": 24,
      "n_inliers": 24,
      "n_matches": 43,
      "bow_score": 0.5941639542579651,
      "T_a_to_b": [
        [
          0.9940247605589438,
          -0.04097251761284591,
          -0.10117325830573692,
          0.05131878937506708
        ],
        [
          0.03871889026559537,
          0.9989585146632427,
          -0.024139874034650517,
          0.20706847720851762
        ],
        [
          0.10205695925479613,
          0.020078316221064,
          0.994575908759805,
          -1.578241958346848
        ],
        [
          0.0,
          0.0,
          0.0,
          1.0
        ]
      ]
    },
    {
      "kf_a": 240,
      "kf_b": 219,
      "n_inliers": 21,
      "n_matches": 30,
      "bow_score": 0.5830479860305786,
      "T_a_to_b": [
        [
          0.9993382904712849,
          0.01715022036102499,
          0.032075709493293234,
          0.6106223242061681
        ],
        [
          -0.01617132166074222,
          0.9994029414198683,
          -0.03053275351258254,
          2.6437502599883285
        ],
        [
          -0.03258020186669609,
          0.029993843082932806,
          0.9990189687005157,
          -31.497065909821735
        ],
        [
          0.0,
          0.0,
          0.0,
          1.0
        ]
      ]
    },
    {
      "kf_a": 305,
      "kf_b": 329,
      "n_inliers": 34,
      "n_matches": 70,
      "bow_score": 0.5849899053573608,
      "T_a_to_b": [
        [
          0.9058039329172025,
          0.008400192982142167,
          -0.4236138239831071,
          -0.684121720484276
        ],
        [
          -0.0015488927045542301,
          0.9998624159774822,
          0.0165151459897323,
          -0.2852791947282517
        ],
        [
          0.4236942719026513,
          -0.014303351828685529,
          0.9056923197661262,
          12.81024504750703
        ],
        [
          0.0,
          0.0,
          0.0,
          1.0
        ]
      ]
    },
    {
      "kf_a": 306,
      "kf_b": 329,
      "n_inliers": 37,
      "n_matches": 67,
      "bow_score": 0.5729950070381165,
      "T_a_to_b": [
        [
          0.9002003103670057,
          0.015788329752516175,
          -0.435189763044551,
          -1.0324816875382932
        ],
        [
          -0.008731560070235381,
          0.9997960507605521,
          0.018210347123090893,
          -0.27258693981814863
        ],
        [
          0.43538851738864964,
          -0.01259307457412233,
          0.9001545719479983,
          11.56250010652423
        ],
        [
          0.0,
          0.0,
          0.0,
          1.0
        ]
      ]
    },
    {
      "kf_a": 306,
      "kf_b": 328,
      "n_inliers": 36,
      "n_matches": 73,
      "bow_score": 0.5710490942001343,
      "T_a_to_b": [
        [
          0.9517785439902149,
          0.01804785932221799,
          -0.3062545966573433,
          -0.3662602681722906
        ],
        [
          -0.016974683351041204,
          0.9998368987189145,
          0.006167340210752914,
          -0.29860342322213107
        ],
        [
          0.3063159534288061,
          -0.0006713672830234731,
          0.9519296643875391,
          10.6029003337479
        ],
        [
          0.0,
          0.0,
          0.0,
          1.0
        ]
      ]
    },
    {
      "kf_a": 325,
      "kf_b": 304,
      "n_inliers": 53,
      "n_matches": 72,
      "bow_score": 0.5595550537109375,
      "T_a_to_b": [
        [
          0.9999051299175593,
          0.0038099169041303387,
          0.013236906652707417,
          -0.5899165799631009
        ],
        [
          -0.00385165004058661,
          0.9999876878607019,
          0.003128724815670391,
          0.24366779965191987
        ],
        [
          -0.013224823496505242,
          -0.0031794119253353206,
          0.9999074934129134,
          -12.487919070240778
        ],
        [
          0.0,
          0.0,
          0.0,
          1.0
        ]
      ]
    },
    {
      "kf_a": 329,
      "kf_b": 303,
      "n_inliers": 40,
      "n_matches": 53,
      "bow_score": 0.5964767336845398,
      "T_a_to_b": [
        [
          0.9186741263705507,
          0.007214216942942262,
          0.39495038246747594,
          -6.097532718189604
        ],
        [
          -0.0010417358500347867,
          0.9998739855029087,
          -0.0158407039284179,
          0.5879158161154165
        ],
        [
          -0.3950148912683218,
          0.014141010870132543,
          0.9185658754209448,
          -14.79569070925238
        ],
        [
          0.0,
          0.0,
          0.0,
          1.0
        ]
      ]
    },
    {
      "kf_a": 517,
      "kf_b": 0,
      "n_inliers": 39,
      "n_matches": 74,
      "bow_score": 0.557490885257721,
      "T_a_to_b": [
        [
          0.9953820481328817,
          -0.02113555627280323,
          0.09363688651289531,
          0.549670310320475
        ],
        [
          0.020963811961274594,
          0.9997762650070686,
          0.0028175373232587394,
          -0.047289597164457735
        ],
        [
          -0.09367548688339969,
          -0.000841539990020591,
          0.9956024281647786,
          5.250767402899378
        ],
        [
          0.0,
          0.0,
          0.0,
          1.0
        ]
      ]
    },
    {
      "kf_a": 517,
      "kf_b": 1,
      "n_inliers": 34,
      "n_matches": 51,
      "bow_score": 0.5477948188781738,
      "T_a_to_b": [
        [
          0.9998097410087853,
          -0.013818599706305992,
          -0.013766919993326817,
          0.4089317387448266
        ],
        [
          0.013756649284858485,
          0.9998948628019669,
          -0.004584532984842156,
          -0.09779413135100827
        ],
        [
          0.01382882440409105,
          0.004394274046140404,
          0.999894721443817,
          6.419234706665806
        ],
        [
          0.0,
          0.0,
          0.0,
          1.0
        ]
      ]
    },
    {
      "kf_a": 518,
      "kf_b": 0,
      "n_inliers": 52,
      "n_matches": 90,
      "bow_score": 0.5971675515174866,
      "T_a_to_b": [
        [
          0.9972038125183266,
          -0.0172194959513817,
          0.07271894703648188,
          0.38622330230551166
        ],
        [
          0.016804466710720608,
          0.9998388503882677,
          0.0063153109848609786,
          -0.025108878152839825
        ],
        [
          -0.07281597487833691,
          -0.0050756490666290285,
          0.9973324779576116,
          4.069936307282607
        ],
        [
          0.0,
          0.0,
          0.0,
          1.0
        ]
      ]
    },
    {
      "kf_a": 518,
      "kf_b": 1,
      "n_inliers": 52,
      "n_matches": 86,
      "bow_score": 0.5637146234512329,
      "T_a_to_b": [
        [
          0.9991803214736231,
          -0.015274212831816604,
          -0.0374884462499522,
          0.3707719157124473
        ],
        [
          0.015288574358702546,
          0.9998831182668005,
          9.643203749055501e-05,
          -0.052108009949464316
        ],
        [
          0.03748259161191512,
          -0.0006694978923047837,
          0.9992970564845203,
          4.953471791910982
        ],
        [
          0.0,
          0.0,
          0.0,
          1.0
        ]
      ]
    },
    {
      "kf_a": 518,
      "kf_b": 2,
      "n_inliers": 49,
      "n_matches": 95,
      "bow_score": 0.5555675029754639,
      "T_a_to_b": [
        [
          0.9800001023167071,
          -0.005493813017876844,
          -0.19892113381380133,
          0.09596939451403741
        ],
        [
          0.004427885125673997,
          0.9999733591735558,
          -0.0058029971970252735,
          -0.09093855886307348
        ],
        [
          0.19894771497194302,
          0.004806137917231997,
          0.9799983202770111,
          6.010627926986793
        ],
        [
          0.0,
          0.0,
          0.0,
          1.0
        ]
      ]
    },
    {
      "kf_a": 519,
      "kf_b": 1,
      "n_inliers": 64,
      "n_matches": 129,
      "bow_score": 0.5984562635421753,
      "T_a_to_b": [
        [
          0.998289691707119,
          -0.007596266682192201,
          -0.05796540488772741,
          0.23651753359191452
        ],
        [
          0.007414130626696401,
          0.9999668815046864,
          -0.003356569803065709,
          -0.06284697455615283
        ],
        [
          0.05798898256009876,
          0.002921065950228927,
          0.9983129495680996,
          3.8648168063368797
        ],
        [
          0.0,
          0.0,
          0.0,
          1.0
        ]
      ]
    },
    {
      "kf_a": 519,
      "kf_b": 3,
      "n_inliers": 64,
      "n_matches": 123,
      "bow_score": 0.5821625590324402,
      "T_a_to_b": [
        [
          0.9220199384366224,
          0.013398890079908769,
          -0.38691045846546124,
          -0.6005467470457517
        ],
        [
          -0.017226158678861805,
          0.9998309695370275,
          -0.0064258705105288486,
          -0.09373197080489612
        ],
        [
          0.3867589592788997,
          0.012589761684556725,
          0.9220949003861959,
          5.877576800235154
        ],
        [
          0.0,
          0.0,
          0.0,
          1.0
        ]
      ]
    },
    {
      "kf_a": 519,
      "kf_b": 2,
      "n_inliers": 81,
      "n_matches": 147,
      "bow_score": 0.5655056238174438,
      "T_a_to_b": [
        [
          0.9757832898623938,
          0.0010427688885582154,
          -0.21873701986259364,
          -0.04789173014128023
        ],
        [
          -0.003097260922375041,
          0.9999542526705808,
          -0.009049836506753617,
          -0.08077681418535651
        ],
        [
          0.21871757634013406,
          0.009508164863174021,
          0.9757418801101203,
          4.8480106814454755
        ],
        [
          0.0,
          0.0,
          0.0,
          1.0
        ]
      ]
    },
    {
      "kf_a": 520,
      "kf_b": 0,
      "n_inliers": 151,
      "n_matches": 239,
      "bow_score": 0.6256580352783203,
      "T_a_to_b": [
        [
          0.9993651309562519,
          -0.009051214139602849,
          0.03445882399897709,
          0.2879287323694345
        ],
        [
          0.00911209209224682,
          0.9999571878400452,
          -0.0016100511578687419,
          -0.03044604571071697
        ],
        [
          -0.034442775824486606,
          0.0019230209638989898,
          0.9994048214731989,
          1.4917541727039398
        ],
        [
          0.0,
          0.0,
          0.0,
          1.0
        ]
      ]
    },
    {
      "kf_a": 520,
      "kf_b": 1,
      "n_inliers": 132,
      "n_matches": 211,
      "bow_score": 0.6100856065750122,
      "T_a_to_b": [
        [
          0.9970176539143549,
          -0.011631527681780416,
          -0.07629223647858077,
          0.18831503467296096
        ],
        [
          0.01113875434038164,
          0.99991428369966,
          -0.006881381048935262,
          -0.039355831889463996
        ],
        [
          0.07636573796448473,
          0.006011057908886929,
          0.9970617539791383,
          2.5250070375954907
        ],
        [
          0.0,
          0.0,
          0.0,
          1.0
        ]
      ]
    },
    {
      "kf_a": 520,
      "kf_b": 2,
      "n_inliers": 114,
      "n_matches": 206,
      "bow_score": 0.6087313890457153,
      "T_a_to_b": [
        [
          0.9716221186823164,
          -1.1868161953420458e-05,
          -0.2365384923145354,
          -0.1169118344282094
        ],
        [
          -0.002921260338137276,
          0.9999231319928129,
          -0.01204974455001156,
          -0.08111913261332061
        ],
        [
          0.23652045308032793,
          0.012398788845304166,
          0.9715473973563236,
          3.5171994736965857
        ],
        [
          0.0,
          0.0,
          0.0,
          1.0
        ]
      ]
    },
    {
      "kf_a": 520,
      "kf_b": 3,
      "n_inliers": 78,
      "n_matches": 161,
      "bow_score": 0.5978937149047852,
      "T_a_to_b": [
        [
          0.9144248587332383,
          0.009638575897563331,
          -0.404640921787903,
          -0.6423989590480947
        ],
        [
          -0.014908251016232337,
          0.9998401109133395,
          -0.00987403972232399,
          -0.1013396265964245
        ],
        [
          0.40448105243921373,
          0.015061555811666197,
          0.9144223464866758,
          4.467176117003598
        ],
        [
          0.0,
          0.0,
          0.0,
          1.0
        ]
      ]
    },
    {
      "kf_a": 520,
      "kf_b": 4,
      "n_inliers": 54,
      "n_matches": 109,
      "bow_score": 0.5729507207870483,
      "T_a_to_b": [
        [
          0.8273833635042117,
          0.010874922209869313,
          -0.5615322839012792,
          -1.3305019675597543
        ],
        [
          -0.01672838496397038,
          0.9998461046132219,
          -0.005284716289785334,
          -0.105132353028293
        ],
        [
          0.5613883957947071,
          0.013766014553806195,
          0.8274379529066513,
          5.375374056214909
        ],
        [
          0.0,
          0.0,
          0.0,
          1.0
        ]
      ]
    },
    {
      "kf_a": 524,
      "kf_b": 1,
      "n_inliers": 238,
      "n_matches": 301,
      "bow_score": 0.6674785614013672,
      "T_a_to_b": [
        [
          0.9968860318003888,
          -0.001951422244602011,
          -0.07883166592491515,
          0.11144440882942183
        ],
        [
          0.0028186800919126464,
          0.9999367118918193,
          0.010891613907785036,
          0.007456186877955427
        ],
        [
          0.07880542268025477,
          -0.011079899015788618,
          0.9968284412043962,
          -2.0585555750784708
        ],
        [
          0.0,
          0.0,
          0.0,
          1.0
        ]
      ]
    },
    {
      "kf_a": 524,
      "kf_b": 0,
      "n_inliers": 155,
      "n_matches": 234,
      "bow_score": 0.6330509185791016,
      "T_a_to_b": [
        [
          0.9994753353900107,
          -0.002291099775244631,
          0.03230796819432487,
          0.18578332997500757
        ],
        [
          0.0018090785182911726,
          0.9998867415836089,
          0.014940925012460108,
          0.02152634369659679
        ],
        [
          -0.03233854019494836,
          -0.014874638386635579,
          0.9993662811756892,
          -3.0148889555040466
        ],
        [
          0.0,
          0.0,
          0.0,
          1.0
        ]
      ]
    },
    {
      "kf_a": 524,
      "kf_b": 3,
      "n_inliers": 107,
      "n_matches": 168,
      "bow_score": 0.5993412137031555,
      "T_a_to_b": [
        [
          0.9131160546782289,
          0.019349808820346426,
          -0.4072402921955068,
          -0.7649268751096302
        ],
        [
          -0.01742602978222208,
          0.9998125927303755,
          0.008432846719427817,
          0.022320579500721315
        ],
        [
          0.4073271463760975,
          -0.0006035862658304554,
          0.913282120436355,
          -0.012280404208995344
        ],
        [
          0.0,
          0.0,
          0.0,
          1.0
        ]
      ]
    },
    {
      "kf_a": 526,
      "kf_b": 1,
      "n_inliers": 116,
      "n_matches": 154,
      "bow_score": 0.6350432634353638,
      "T_a_to_b": [
        [
          0.9981823565045117,
          -0.018692168810798823,
          0.05729385646165371,
          -0.20627930773159772
        ],
        [
          0.01882868211944602,
          0.9998210246620935,
          -0.0018437389419576696,
          0.10011970685175793
        ],
        [
          -0.057249138794787414,
          0.0029191554925760703,
          0.9983556553846257,
          -4.01151798738578
        ],
        [
          0.0,
          0.0,
          0.0,
          1.0
        ]
      ]
    },
    {
      "kf_a": 526,
      "kf_b": 0,
      "n_inliers": 75,
      "n_matches": 123,
      "bow_score": 0.615422248840332,
      "T_a_to_b": [
        [
          0.9857026953368686,
          -0.015923781284701986,
          0.16773976748293623,
          -0.24639497313784364
        ],
        [
          0.015463884523047979,
          0.9998722341862374,
          0.004047663385193133,
          0.10619376270213192
        ],
        [
          -0.16778279018150333,
          -0.0013958843143221874,
          0.9858229997448278,
          -4.975808378819173
        ],
        [
          0.0,
          0.0,
          0.0,
          1.0
        ]
      ]
    },
    {
      "kf_a": 526,
      "kf_b": 2,
      "n_inliers": 120,
      "n_matches": 174,
      "bow_score": 0.6026209592819214,
      "T_a_to_b": [
        [
          0.9944912567487832,
          -0.006549396472649176,
          -0.1046147487502106,
          -0.40053585410513276
        ],
        [
          0.005653521416853715,
          0.9999447869521607,
          -0.008857806883597077,
          0.08348633501312974
        ],
        [
          0.10466698594024199,
          0.00821756977712839,
          0.9944733750086742,
          -2.9389899573917595
        ],
        [
          0.0,
          0.0,
          0.0,
          1.0
        ]
      ]
    },
    {
      "kf_a": 526,
      "kf_b": 3,
      "n_inliers": 94,
      "n_matches": 144,
      "bow_score": 0.5923625826835632,
      "T_a_to_b": [
        [
          0.960350571725763,
          0.003904437411458189,
          -0.278767886878134,
          -0.7935714223944135
        ],
        [
          -0.006664137042663684,
          0.9999377176555189,
          -0.008952658116354713,
          0.07618756509078926
        ],
        [
          0.27871556946729165,
          0.010455437741756193,
          0.9603167785466167,
          -1.9430824159293847
        ],
        [
          0.0,
          0.0,
          0.0,
          1.0
        ]
      ]
    },
    {
      "kf_a": 527,
      "kf_b": 2,
      "n_inliers": 108,
      "n_matches": 143,
      "bow_score": 0.6183174848556519,
      "T_a_to_b": [
        [
          0.9994305896153689,
          -0.0032586733229929593,
          -0.03358388883452855,
          -0.5621870640957036
        ],
        [
          0.0027070599568771877,
          0.9998609041952735,
          -0.01645734146816751,
          0.11405043732089745
        ],
        [
          0.03363284655609497,
          0.016357056886371946,
          0.9993003944373033,
