1.000000e+00 0.000000e+00 0.000000e+00 0.000000e+00 0.000000e+00 1.000000e+00 0.000000e+00 0.000000e+00 0.000000e+00 0.000000e+00 1.000000e+00 0.000000e+00
9.999805e-01 4.814934e-04 -6.228028e-03 -1.084747e-02 -4.793225e-04 9.999998e-01 3.500474e-04 -1.589143e-03 6.228196e-03 -3.470554e-04 9.999805e-01 9.014336e-02
9.999120e-01 1.091914e-03 -1.321853e-02 -1.983774e-02 -1.088961e-03 9.999994e-01 2.305801e-04 -2.524397e-03 1.321878e-02 -2.161654e-04 9.999126e-01 1.810235e-01
9.997845e-01 1.421027e-03 -2.071039e-02 -3.500483e-02 -1.432436e-03 9.999988e-01 -5.360596e-04 -3.451948e-03 2.070960e-02 5.656104e-04 9.997854e-01 2.803052e-01
9.995475e-01 1.853700e-03 -3.002174e-02 -4.715414e-02 -1.912174e-03 9.999963e-01 -1.919142e-03 -3.518932e-03 3.001807e-02 1.975681e-03 9.995474e-01 3.906532e-01
9.991324e-01 1.934980e-03 -4.160241e-02 -6.399594e-02 -2.083669e-03 9.999916e-01 -3.530980e-03 -3.482955e-03 4.159523e-02 3.614602e-03 9.991280e-01 5.067801e-01
9.984673e-01 2.913101e-03 -5.526759e-02 -6.806818e-02 -3.164649e-03 9.999850e-01 -4.464498e-03 -1.014884e-02 5.525376e-02 4.632558e-03 9.984616e-01 5.875247e-01
9.974315e-01 3.245310e-03 -7.155263e-02 -8.893030e-02 -3.575489e-03 9.999835e-01 -4.486887e-03 -1.265814e-02 7.153689e-02 4.731198e-03 9.974267e-01 7.116923e-01
9.959271e-01 7.929210e-05 -9.016265e-02 -1.445215e-01 -4.881075e-04 9.999897e-01 -4.512159e-03 -7.025406e-03 9.016137e-02 4.537790e-03 9.959168e-01 9.126700e-01
9.939171e-01 -1.294718e-03 -1.101231e-01 -1.795198e-01 7.795902e-04 9.999886e-01 -4.720671e-03 -8.221790e-03 1.101279e-01 4.606105e-03 9.939067e-01 1.069241e+00
9.912299e-01 -1.438623e-03 -1.321409e-01 -2.290428e-01 7.675696e-04 9.999866e-01 -5.129112e-03 -1.261523e-02 1.321465e-01 4.982702e-03 9.912177e-01 1.234991e+00
9.877399e-01 2.119739e-03 -1.560940e-01 -2.873910e-01 -3.192161e-03 9.999730e-01 -6.620002e-03 -1.736287e-02 1.560758e-01 7.037117e-03 9.877200e-01 1.401287e+00
9.833060e-01 6.995198e-03 -1.818251e-01 -3.222126e-01 -8.607166e-03 9.999303e-01 -8.077911e-03 -2.480197e-02 1.817559e-01 9.508057e-03 9.832977e-01 1.530364e+00
9.780309e-01 8.946109e-03 -2.082679e-01 -4.299867e-01 -1.107072e-02 9.998979e-01 -9.037918e-03 -3.123667e-02 2.081657e-01 1.114504e-02 9.780301e-01 1.754316e+00
9.711572e-01 1.061690e-02 -2.382036e-01 -4.604714e-01 -1.314794e-02 9.998727e-01 -9.039178e-03 -3.780138e-02 2.380773e-01 1.191035e-02 9.711732e-01 1.879474e+00
9.630254e-01 1.166021e-02 -2.691580e-01 -5.451066e-01 -1.452463e-02 9.998571e-01 -8.653062e-03 -3.608348e-02 2.690187e-01 1.224254e-02 9.630572e-01 2.082012e+00
9.535574e-01 1.363017e-02 -3.009029e-01 -6.366508e-01 -1.667152e-02 9.998326e-01 -7.541825e-03 -4.058280e-02 3.007498e-01 1.220807e-02 9.536249e-01 2.266239e+00
9.422077e-01 1.571545e-02 -3.346604e-01 -7.328159e-01 -1.896972e-02 9.997992e-01 -6.457666e-03 -4.308430e-02 3.344917e-01 1.243288e-02 9.423167e-01 2.449674e+00
9.296962e-01 1.808246e-02 -3.678831e-01 -8.431364e-01 -2.181661e-02 9.997440e-01 -5.993722e-03 -4.646402e-02 3.676805e-01 1.359830e-02 9.298527e-01 2.635442e+00
9.158087e-01 2.073783e-02 -4.010789e-01 -9.628219e-01 -2.497665e-02 9.996738e-01 -5.342517e-03 -4.743319e-02 4.008373e-01 1.491033e-02 9.160279e-01 2.819732e+00
8.997331e-01 2.071400e-02 -4.359487e-01 -1.080298e+00 -2.538193e-02 9.996659e-01 -4.885635e-03 -4.660234e-02 4.357018e-01 1.546099e-02 8.999583e-01 2.990347e+00
8.811186e-01 1.590784e-02 -4.726277e-01 -1.209063e+00 -2.108609e-02 9.997616e-01 -5.660490e-03 -4.685553e-02 4.724250e-01 1.495344e-02 8.812440e-01 3.179447e+00
8.598575e-01 1.087094e-02 -5.104183e-01 -1.350671e+00 -1.632812e-02 9.998474e-01 -6.211705e-03 -4.972176e-02 5.102729e-01 1.367535e-02 8.599038e-01 3.366036e+00
8.345066e-01 1.154622e-02 -5.508770e-01 -1.498879e+00 -1.610557e-02 9.998644e-01 -3.440966e-03 -4.993708e-02 5.507626e-01 1.174369e-02 8.345794e-01 3.534725e+00
8.062574e-01 1.825816e-02 -5.912831e-01 -1.710559e+00 -2.198486e-02 9.997579e-01 8.934557e-04 -6.463256e-02 5.911562e-01 1.227892e-02 8.064636e-01 3.725575e+00
7.733613e-01 2.097529e-02 -6.336185e-01 -1.904091e+00 -2.493144e-02 9.996856e-01 2.663570e-03 -6.835552e-02 6.334752e-01 1.373712e-02 7.736411e-01 3.895303e+00
7.371898e-01 2.012422e-02 -6.753860e-01 -2.104280e+00 -2.432323e-02 9.996989e-01 3.238633e-03 -6.835540e-02 6.752478e-01 1.404008e-02 7.374573e-01 4.051782e+00
6.974663e-01 1.582938e-02 -7.164428e-01 -2.320270e+00 -1.818311e-02 9.998250e-01 4.389050e-03 -6.825547e-02 7.163869e-01 9.965942e-03 6.976321e-01 4.210327e+00
6.544557e-01 1.213578e-02 -7.560029e-01 -2.556450e+00 -1.290301e-02 9.999048e-01 4.881175e-03 -6.689643e-02 7.559902e-01 6.560197e-03 6.545500e-01 4.368734e+00
6.097311e-01 1.144004e-02 -7.925258e-01 -2.818754e+00 -1.029847e-02 9.999258e-01 6.510691e-03 -6.373775e-02 7.925414e-01 4.192029e-03 6.098037e-01 4.512052e+00
5.613902e-01 1.200515e-02 -8.274641e-01 -3.092371e+00 -7.970778e-03 9.999268e-01 9.099554e-03 -6.041603e-02 8.275128e-01 1.487132e-03 5.614448e-01 4.646745e+00
5.100428e-01 1.263278e-02 -8.600563e-01 -3.388489e+00 -6.680486e-03 9.999202e-01 1.072539e-02 -5.586257e-02 8.601231e-01 2.751859e-04 5.100865e-01 4.769313e+00
4.572821e-01 1.437783e-02 -8.892055e-01 -3.598092e+00 -6.042862e-03 9.998965e-01 1.306003e-02 -6.231388e-02 8.893012e-01 -5.987707e-04 4.573216e-01 4.854921e+00
4.026683e-01 1.659880e-02 -9.151954e-01 -3.887308e+00 -5.064425e-03 9.998607e-01 1.590611e-02 -6.202408e-02 9.153319e-01 -1.769949e-03 4.026963e-01 4.942439e+00
3.473697e-01 1.867396e-02 -9.375423e-01 -4.210836e+00 -4.753532e-03 9.998239e-01 1.815325e-02 -6.078656e-02 9.377162e-01 -1.849252e-03 3.473973e-01 5.018004e+00
2.924050e-01 2.186405e-02 -9.560446e-01 -4.527544e+00 -2.564130e-03 9.997529e-01 2.207939e-02 -6.214519e-02 9.562911e-01 -4.004701e-03 2.923888e-01 5.078252e+00
2.386362e-01 2.375943e-02 -9.708183e-01 -4.892818e+00 1.573744e-03 9.996899e-01 2.485286e-02 -6.164402e-02 9.711078e-01 -7.458612e-03 2.385248e-01 5.134634e+00
1.878211e-01 2.425863e-02 -9.819036e-01 -5.273634e+00 3.886917e-03 9.996688e-01 2.544103e-02 -6.033087e-02 9.821956e-01 -8.594940e-03 1.876646e-01 5.169701e+00
1.403992e-01 2.534806e-02 -9.897705e-01 -5.677827e+00 1.925797e-03 9.996633e-01 2.587459e-02 -5.610448e-02 9.900931e-01 -5.538868e-03 1.403031e-01 5.184925e+00
9.793153e-02 2.569645e-02 -9.948614e-01 -6.102960e+00 -3.098810e-04 9.996673e-01 2.579008e-02 -4.880786e-02 9.951931e-01 -2.217373e-03 9.790692e-02 5.187541e+00
6.005047e-02 2.423742e-02 -9.979010e-01 -6.546173e+00 -1.925453e-03 9.997061e-01 2.416539e-02 -4.004733e-02 9.981935e-01 4.702684e-04 6.007949e-02 5.181040e+00
2.555188e-02 2.151407e-02 -9.994420e-01 -7.007192e+00 -9.659726e-04 9.997685e-01 2.149640e-02 -3.263167e-02 9.996730e-01 4.161600e-04 2.556675e-02 5.163512e+00
-5.920194e-03 1.880110e-02 -9.998057e-01 -7.486431e+00 -7.809958e-04 9.998228e-01 1.880605e-02 -2.915274e-02 9.999822e-01 8.921795e-04 -5.904461e-03 5.136805e+00
-3.246169e-02 1.696862e-02 -9.993289e-01 -7.974779e+00 -1.042615e-03 9.998548e-01 1.701142e-02 -2.551336e-02 9.994724e-01 1.594134e-03 -3.243928e-02 5.095900e+00
-5.307394e-02 1.432432e-02 -9.984878e-01 -8.494675e+00 -1.032375e-03 9.998958e-01 1.439939e-02 -9.071078e-03 9.985901e-01 1.795047e-03 -5.305362e-02 5.039780e+00
-6.938045e-02 1.347875e-02 -9.974992e-01 -9.016585e+00 -5.625571e-04 9.999080e-01 1.355043e-02 -6.925254e-05 9.975901e-01 1.501285e-03 -6.936649e-02 4.989656e+00
-8.241320e-02 1.397589e-02 -9.965002e-01 -9.559905e+00 5.783869e-04 9.999022e-01 1.397577e-02 4.352388e-03 9.965981e-01 5.754250e-04 -8.241322e-02 4.930477e+00
-9.198674e-02 1.514199e-02 -9.956451e-01 -1.011994e+01 -4.951950e-04 9.998836e-01 1.525220e-02 3.956172e-03 9.957601e-01 1.896039e-03 -9.196853e-02 4.864274e+00
-9.876041e-02 1.662112e-02 -9.949724e-01 -1.068786e+01 -2.159155e-03 9.998546e-01 1.691699e-02 1.292936e-03 9.951089e-01 3.819029e-03 -9.871015e-02 4.794515e+00
-1.032522e-01 1.760695e-02 -9.944994e-01 -1.128055e+01 -1.830823e-03 9.998383e-01 1.789155e-02 6.779688e-03 9.946535e-01 3.668096e-03 -1.032033e-01 4.723699e+00
-1.045723e-01 1.837742e-02 -9.943475e-01 -1.188447e+01 8.818276e-04 9.998306e-01 1.838602e-02 1.364082e-02 9.945169e-01 1.045826e-03 -1.045708e-01 4.652132e+00
-1.038866e-01 2.063991e-02 -9.943750e-01 -1.250962e+01 3.444388e-03 9.997861e-01 2.039237e-02 2.077518e-02 9.945832e-01 -1.306520e-03 -1.039354e-01 4.590426e+00
-1.024533e-01 2.317826e-02 -9.944677e-01 -1.314177e+01 3.163008e-03 9.997310e-01 2.297507e-02 2.445736e-02 9.947328e-01 -7.916383e-04 -1.024990e-01 4.522893e+00
-1.010063e-01 2.317172e-02 -9.946159e-01 -1.379459e+01 1.255162e-03 9.997309e-01 2.316342e-02 2.996918e-02 9.948850e-01 1.091248e-03 -1.010082e-01 4.453195e+00
-9.909850e-02 2.044025e-02 -9.948677e-01 -1.447321e+01 -3.887246e-05 9.997889e-01 2.054523e-02 4.256937e-02 9.950776e-01 2.074675e-03 -9.907679e-02 4.365087e+00
-9.798143e-02 2.034934e-02 -9.949802e-01 -1.515275e+01 1.803193e-04 9.997913e-01 2.042998e-02 5.525903e-02 9.951882e-01 1.822345e-03 -9.796465e-02 4.298872e+00
-9.617765e-02 2.298901e-02 -9.950987e-01 -1.584958e+01 6.059132e-04 9.997344e-01 2.303754e-02 6.776578e-02 9.953640e-01 1.612753e-03 -9.616604e-02 4.226017e+00
-9.435796e-02 2.649277e-02 -9.951858e-01 -1.656670e+01 -1.165492e-04 9.996456e-01 2.662254e-02 7.813403e-02 9.955383e-01 2.628037e-03 -9.432142e-02 4.152233e+00
-9.270620e-02 2.872852e-02 -9.952790e-01 -1.729053e+01 -9.070156e-04 9.995808e-01 2.893718e-02 7.978463e-02 9.956931e-01 3.585390e-03 -9.264128e-02 4.083149e+00
-9.102065e-02 2.808424e-02 -9.954529e-01 -1.802619e+01 -2.379673e-03 9.995933e-01 2.841863e-02 9.228004e-02 9.958462e-01 4.955535e-03 -9.091680e-02 4.011793e+00
-8.934651e-02 2.499271e-02 -9.956870e-01 -1.878021e+01 -4.474253e-03 9.996650e-01 2.549405e-02 1.065622e-01 9.959906e-01 6.732760e-03 -8.920475e-02 3.935309e+00
-8.771788e-02 2.437885e-02 -9.958470e-01 -1.955957e+01 -5.179633e-03 9.996758e-01 2.492882e-02 1.190815e-01 9.961319e-01 7.344825e-03 -8.756317e-02 3.854059e+00
-8.639125e-02 2.681987e-02 -9.959002e-01 -2.033178e+01 -2.376255e-03 9.996292e-01 2.712642e-02 1.301699e-01 9.962585e-01 4.709998e-03 -8.629548e-02 3.791681e+00
-8.532943e-02 2.894981e-02 -9.959321e-01 -2.112907e+01 -5.560698e-05 9.995777e-01 2.906054e-02 1.412434e-01 9.963528e-01 2.535100e-03 -8.529178e-02 3.721356e+00
-8.408074e-02 3.065980e-02 -9.959872e-01 -2.193592e+01 9.930709e-04 9.995286e-01 3.068498e-02 1.523915e-01 9.964585e-01 1.590930e-03 -8.407155e-02 3.647328e+00
-8.347914e-02 2.603130e-02 -9.961695e-01 -2.273293e+01 1.269057e-03 9.996607e-01 2.601618e-02 1.609730e-01 9.965087e-01 9.076129e-04 -8.348386e-02 3.576166e+00
-8.308072e-02 1.906162e-02 -9.963605e-01 -2.352987e+01 3.009502e-03 9.998173e-01 1.887681e-02 1.691308e-01 9.965383e-01 -1.430250e-03 -8.312290e-02 3.499467e+00
-8.305176e-02 1.441010e-02 -9.964410e-01 -2.434636e+01 6.289650e-03 9.998831e-01 1.393565e-02 1.806946e-01 9.965254e-01 -5.109885e-03 -8.313269e-02 3.425138e+00
-8.368895e-02 1.536423e-02 -9.963735e-01 -2.516137e+01 7.468943e-03 9.998627e-01 1.479069e-02 1.834849e-01 9.964639e-01 -6.204039e-03 -8.379222e-02 3.354393e+00
-8.376225e-02 2.281735e-02 -9.962245e-01 -2.599666e+01 7.179559e-03 9.997257e-01 2.229389e-02 1.861483e-01 9.964599e-01 -5.285067e-03 -8.390309e-02 3.277584e+00
-8.412583e-02 2.991261e-02 -9.960061e-01 -2.684407e+01 6.047249e-03 9.995462e-01 2.950816e-02 1.943598e-01 9.964368e-01 -3.540698e-03 -8.426854e-02 3.198505e+00
-8.458364e-02 3.522533e-02 -9.957935e-01 -2.768731e+01 4.207318e-03 9.993786e-01 3.499478e-02 2.042007e-01 9.964075e-01 -1.229635e-03 -8.467928e-02 3.119624e+00
-8.480878e-02 3.557332e-02 -9.957620e-01 -2.851651e+01 2.620036e-03 9.993670e-01 3.547896e-02 2.152787e-01 9.963938e-01 3.999945e-04 -8.484830e-02 3.034142e+00
-8.533128e-02 3.215316e-02 -9.958337e-01 -2.935092e+01 2.674394e-03 9.994830e-01 3.204183e-02 2.259718e-01 9.963490e-01 7.091772e-05 -8.537315e-02 2.958057e+00
-8.581994e-02 2.946901e-02 -9.958747e-01 -3.019358e+01 2.562466e-03 9.995657e-01 2.935740e-02 2.380613e-01 9.963074e-01 -3.244486e-05 -8.585818e-02 2.880582e+00
-8.602868e-02 3.077965e-02 -9.958171e-01 -3.102951e+01 1.038064e-03 9.995249e-01 3.080457e-02 2.481236e-01 9.962921e-01 1.616355e-03 -8.601975e-02 2.801030e+00
-8.590407e-02 3.301511e-02 -9.957562e-01 -3.187688e+01 5.439881e-04 9.994522e-01 3.309073e-02 2.605032e-01 9.963033e-01 2.300949e-03 -8.587498e-02 2.717971e+00
-8.594501e-02 3.147205e-02 -9.958027e-01 -3.270971e+01 -1.497154e-04 9.995005e-01 3.160184e-02 2.669670e-01 9.962999e-01 2.865108e-03 -8.589737e-02 2.639908e+00
-8.609772e-02 2.631413e-02 -9.959391e-01 -3.353871e+01 -9.231956e-04 9.996486e-01 2.649195e-02 2.766420e-01 9.962863e-01 3.200343e-03 -8.604317e-02 2.575137e+00
-8.602987e-02 2.227500e-02 -9.960435e-01 -3.436751e+01 -2.145655e-03 9.997436e-01 2.254307e-02 2.830490e-01 9.962902e-01 4.076544e-03 -8.596002e-02 2.498439e+00
-8.540681e-02 2.323025e-02 -9.960753e-01 -3.519915e+01 -1.469573e-03 9.997241e-01 2.344135e-02 2.859859e-01 9.963451e-01 3.465856e-03 -8.534911e-02 2.415091e+00
-8.502200e-02 2.580558e-02 -9.960448e-01 -3.603259e+01 -2.028935e-04 9.996641e-01 2.591667e-02 2.885968e-01 9.963791e-01 2.405578e-03 -8.498821e-02 2.343313e+00
-8.463455e-02 3.064058e-02 -9.959408e-01 -3.687219e+01 1.529737e-04 9.995275e-01 3.073793e-02 2.976110e-01 9.964120e-01 2.449138e-03 -8.459924e-02 2.265503e+00
-8.398216e-02 3.634821e-02 -9.958041e-01 -3.770764e+01 1.204957e-03 9.993375e-01 3.637556e-02 3.077682e-01 9.964665e-01 1.854997e-03 -8.397031e-02 2.189008e+00
-8.420019e-02 3.969420e-02 -9.956579e-01 -3.853578e+01 1.274020e-03 9.992097e-01 3.972806e-02 3.159152e-01 9.964480e-01 2.076623e-03 -8.418422e-02 2.111587e+00
-8.395003e-02 3.980295e-02 -9.956747e-01 -3.936299e+01 1.740958e-03 9.992063e-01 3.979734e-02 3.256855e-01 9.964684e-01 1.607560e-03 -8.395269e-02 2.036194e+00
-8.354267e-02 3.514319e-02 -9.958843e-01 -4.019441e+01 2.148083e-03 9.993820e-01 3.508642e-02 3.483054e-01 9.965019e-01 7.919711e-04 -8.356653e-02 1.949585e+00
-8.328363e-02 3.083390e-02 -9.960487e-01 -4.101739e+01 1.112563e-03 9.995235e-01 3.084844e-02 3.594175e-01 9.965253e-01 1.461003e-03 -8.327825e-02 1.871923e+00
-8.270160e-02 2.792433e-02 -9.961831e-01 -4.184799e+01 -2.666302e-03 9.995976e-01 2.824140e-02 3.722628e-01 9.965708e-01 4.991734e-03 -8.259387e-02 1.773627e+00
-8.307732e-02 2.611273e-02 -9.962009e-01 -4.268060e+01 -5.636239e-03 9.996283e-01 2.667260e-02 3.820845e-01 9.965272e-01 7.830715e-03 -8.289927e-02 1.685427e+00
-8.387260e-02 2.406151e-02 -9.961859e-01 -4.351896e+01 -3.424640e-03 9.996956e-01 2.443461e-02 3.886949e-01 9.964706e-01 5.460973e-03 -8.376467e-02 1.614288e+00
-8.501009e-02 2.023912e-02 -9.961745e-01 -4.434861e+01 1.634218e-04 9.997939e-01 2.029871e-02 3.954043e-01 9.963801e-01 1.562799e-03 -8.499588e-02 1.538629e+00
-8.570197e-02 1.871248e-02 -9.961451e-01 -4.516456e+01 4.412481e-03 9.998209e-01 1.840191e-02 4.011860e-01 9.963110e-01 -2.818392e-03 -8.576920e-02 1.464913e+00
-8.761279e-02 2.200618e-02 -9.959115e-01 -4.598983e+01 4.711240e-03 9.997539e-01 2.167663e-02 4.060252e-01 9.961435e-01 -2.792828e-03 -8.769491e-02 1.385820e+00
-8.933777e-02 2.823418e-02 -9.956011e-01 -4.680309e+01 7.309865e-03 9.995898e-01 2.769136e-02 4.095717e-01 9.959746e-01 -4.803825e-03 -8.950751e-02 1.307300e+00
-9.125715e-02 3.185561e-02 -9.953177e-01 -4.762122e+01 9.299414e-03 9.994719e-01 3.113594e-02 4.164167e-01 9.957839e-01 -6.414494e-03 -9.150519e-02 1.229502e+00
-9.244368e-02 3.081362e-02 -9.952410e-01 -4.842016e+01 8.992728e-03 9.995061e-01 3.011038e-02 4.228398e-01 9.956773e-01 -6.166417e-03 -9.267512e-02 1.141217e+00
-9.349518e-02 2.675437e-02 -9.952602e-01 -4.921997e+01 5.666085e-03 9.996370e-01 2.633975e-02 4.285104e-01 9.956036e-01 -3.176589e-03 -9.361284e-02 1.052978e+00
-9.475260e-02 2.301674e-02 -9.952347e-01 -5.001266e+01 9.474245e-04 9.997343e-01 2.303060e-02 4.351788e-01 9.955004e-01 1.239300e-03 -9.474924e-02 9.623392e-01
-9.604643e-02 2.131415e-02 -9.951486e-01 -5.080635e+01 -3.194177e-03 9.997590e-01 2.172118e-02 4.414202e-01 9.953717e-01 5.264922e-03 -9.595520e-02 8.711946e-01
-9.719820e-02 2.226342e-02 -9.950160e-01 -5.159928e+01 -4.610287e-03 9.997290e-01 2.281923e-02 4.468993e-01 9.952544e-01 6.805297e-03 -9.706922e-02 7.864420e-01
-9.820402e-02 2.364359e-02 -9.948854e-01 -5.238577e+01 -4.336575e-03 9.996981e-01 2.418602e-02 4.507906e-01 9.951569e-01 6.689559e-03 -9.807184e-02 7.035430e-01
-9.975656e-02 2.345735e-02 -9.947353e-01 -5.313642e+01 -6.435836e-03 9.996859e-01 2.421951e-02 4.454586e-01 9.949911e-01 8.818008e-03 -9.957427e-02 6.389855e-01
-1.002902e-01 2.321275e-02 -9.946874e-01 -5.391722e+01 -7.407163e-03 9.996827e-01 2.407615e-02 4.474853e-01 9.949307e-01 9.782412e-03 -1.000864e-01 5.510077e-01
-1.008815e-01 2.481831e-02 -9.945888e-01 -5.468791e+01 -6.213436e-03 9.996536e-01 2.557492e-02 4.535820e-01 9.948790e-01 8.759850e-03 -1.006923e-01 4.680292e-01
-1.011670e-01 2.761882e-02 -9.944860e-01 -5.545895e+01 -5.482967e-03 9.995839e-01 2.831817e-02 4.596305e-01 9.948543e-01 8.317599e-03 -1.009735e-01 3.850483e-01
-1.014192e-01 3.160171e-02 -9.943417e-01 -5.623593e+01 -5.809625e-03 9.994595e-01 3.235692e-02 4.688883e-01 9.948268e-01 9.058366e-03 -1.011808e-01 2.969985e-01
-1.021814e-01 3.360121e-02 -9.941981e-01 -5.699430e+01 -5.673032e-03 9.993934e-01 3.435986e-02 4.773180e-01 9.947496e-01 9.151056e-03 -1.019288e-01 2.161864e-01
-1.030080e-01 3.358208e-02 -9.941135e-01 -5.774385e+01 -5.272603e-03 9.993974e-01 3.430692e-02 4.854208e-01 9.946666e-01 8.775453e-03 -1.027689e-01 1.366715e-01
-1.034893e-01 3.151893e-02 -9.941310e-01 -5.848898e+01 -4.427904e-03 9.994733e-01 3.214925e-02 4.947957e-01 9.946207e-01 7.729020e-03 -1.032952e-01 5.427998e-02
-1.037639e-01 2.794623e-02 -9.942093e-01 -5.923775e+01 -4.118938e-03 9.995845e-01 2.852721e-02 5.009960e-01 9.945934e-01 7.055182e-03 -1.036057e-01 -3.018470e-02
-1.036034e-01 2.500679e-02 -9.943043e-01 -5.996480e+01 -4.358014e-03 9.996629e-01 2.559565e-02 5.070086e-01 9.946091e-01 6.984987e-03 -1.034594e-01 -1.138844e-01
-1.024507e-01 2.246620e-02 -9.944843e-01 -6.068447e+01 -4.882258e-03 9.997215e-01 2.308748e-02 5.143501e-01 9.947261e-01 7.220659e-03 -1.023125e-01 -1.949426e-01
-1.002749e-01 2.165751e-02 -9.947240e-01 -6.138440e+01 -7.157854e-03 9.997215e-01 2.248788e-02 5.162469e-01 9.949340e-01 9.375060e-03 -1.000920e-01 -2.735034e-01
-9.619201e-02 2.238173e-02 -9.951111e-01 -6.208038e+01 -7.462134e-03 9.997028e-01 2.320633e-02 5.199626e-01 9.953348e-01 9.657916e-03 -9.599641e-02 -3.495321e-01
-9.045603e-02 2.378060e-02 -9.956165e-01 -6.275441e+01 -6.693138e-03 9.996778e-01 2.448571e-02 5.234646e-01 9.958780e-01 8.878678e-03 -9.026771e-02 -4.138540e-01
-8.329742e-02 2.513856e-02 -9.962076e-01 -6.340092e+01 -5.967634e-03 9.996513e-01 2.572444e-02 5.272850e-01 9.965069e-01 8.087782e-03 -8.311835e-02 -4.665128e-01
-7.457146e-02 2.641120e-02 -9.968659e-01 -6.404088e+01 -6.992139e-03 9.996108e-01 2.700698e-02 5.285714e-01 9.971912e-01 8.984175e-03 -7.435777e-02 -5.181350e-01
-6.286158e-02 2.798600e-02 -9.976298e-01 -6.465701e+01 -9.389932e-03 9.995459e-01 2.863142e-02 5.306869e-01 9.979781e-01 1.116749e-02 -6.257025e-02 -5.569632e-01
-4.815342e-02 2.943344e-02 -9.984062e-01 -6.525947e+01 -1.243768e-02 9.994706e-01 3.006469e-02 5.350237e-01 9.987625e-01 1.386557e-02 -4.776184e-02 -5.854612e-01
-2.989942e-02 3.059012e-02 -9.990847e-01 -6.584168e+01 -1.405973e-02 9.994198e-01 3.102114e-02 5.402013e-01 9.994540e-01 1.497438e-02 -2.945198e-02 -5.969139e-01
-8.017822e-03 3.140160e-02 -9.994747e-01 -6.640121e+01 -1.491283e-02 9.993919e-01 3.151863e-02 5.440921e-01 9.998567e-01 1.515770e-02 -7.544660e-03 -5.879433e-01
1.698915e-02 3.170881e-02 -9.993528e-01 -6.694877e+01 -1.432726e-02 9.994021e-01 3.146682e-02 5.477130e-01 9.997530e-01 1.378339e-02 1.743329e-02 -5.549403e-01
4.594274e-02 3.126487e-02 -9.984547e-01 -6.747001e+01 -1.269398e-02 9.994477e-01 3.071187e-02 5.521628e-01 9.988634e-01 1.126338e-02 4.631424e-02 -5.060280e-01
7.968062e-02 3.119036e-02 -9.963324e-01 -6.797550e+01 -1.136985e-02 9.994738e-01 3.037941e-02 5.573517e-01 9.967556e-01 8.907498e-03 7.999332e-02 -4.382677e-01
1.168684e-01 3.145971e-02 -9.926490e-01 -6.845608e+01 -1.061680e-02 9.994806e-01 3.042627e-02 5.619014e-01 9.930907e-01 6.982887e-03 1.171417e-01 -3.456018e-01
1.573369e-01 3.128187e-02 -9.870494e-01 -6.891530e+01 -1.018933e-02 9.994964e-01 3.005215e-02 5.625283e-01 9.874924e-01 5.329056e-03 1.575764e-01 -2.386017e-01
2.022797e-01 3.226960e-02 -9.787960e-01 -6.935361e+01 -8.999336e-03 9.994760e-01 3.109157e-02 5.647307e-01 9.792864e-01 2.519321e-03 2.024641e-01 -1.214358e-01
2.506345e-01 3.106958e-02 -9.675831e-01 -6.979338e+01 -5.459262e-03 9.995143e-01 3.068079e-02 5.639441e-01 9.680664e-01 -2.407374e-03 2.506824e-01 2.743079e-02
3.014655e-01 2.609577e-02 -9.531199e-01 -7.021791e+01 2.307328e-03 9.996025e-01 2.809822e-02 5.640271e-01 9.534743e-01 -1.066980e-02 3.012854e-01 1.965709e-01
3.535934e-01 2.097761e-02 -9.351640e-01 -7.062977e+01 7.637544e-03 9.996504e-01 2.531199e-02 5.642662e-01 9.353680e-01 -1.609251e-02 3.533096e-01 3.897624e-01
4.065439e-01 1.611221e-02 -9.134891e-01 -7.102914e+01 1.272966e-02 9.996475e-01 2.329716e-02 5.711624e-01 9.135425e-01 -2.109973e-02 4.061956e-01 6.020062e-01
4.577096e-01 1.557183e-02 -8.889654e-01 -7.140092e+01 1.252747e-02 9.996344e-01 2.396053e-02 5.778783e-01 8.890135e-01 -2.210345e-02 4.573472e-01 8.307923e-01
5.065484e-01 1.432481e-02 -8.620926e-01 -7.178099e+01 1.388022e-02 9.995969e-01 2.476537e-02 5.849303e-01 8.620998e-01 -2.451089e-02 5.061453e-01 1.084252e+00
5.522535e-01 1.021548e-02 -8.336136e-01 -7.213660e+01 2.139461e-02 9.994219e-01 2.642091e-02 5.878695e-01 8.334016e-01 -3.242588e-02 5.517158e-01 1.360858e+00
5.949386e-01 3.697753e-03 -8.037626e-01 -7.244438e+01 3.189654e-02 9.990931e-01 2.820594e-02 5.900841e-01 8.031380e-01 -4.241805e-02 5.942811e-01 1.674625e+00
6.376974e-01 -1.475923e-03 -7.702855e-01 -7.276075e+01 3.344553e-02 9.991081e-01 2.577424e-02 5.937067e-01 7.695605e-01 -4.219878e-02 6.371781e-01 1.982492e+00
6.788857e-01 -6.557824e-03 -7.342147e-01 -7.305956e+01 3.053896e-02 9.993470e-01 1.931168e-02 5.996744e-01 7.336086e-01 -3.553257e-02 6.786426e-01 2.304894e+00
7.198844e-01 -1.341084e-02 -6.939645e-01 -7.336507e+01 2.689401e-02 9.996015e-01 8.581246e-03 6.069495e-01 6.935728e-01 -2.484099e-02 7.199581e-01 2.657230e+00
7.595675e-01 -1.617921e-02 -6.502272e-01 -7.364181e+01 2.217345e-02 9.997536e-01 1.025808e-03 6.106040e-01 6.500504e-01 -1.519695e-02 7.597391e-01 3.019160e+00
7.968492e-01 -1.726724e-02 -6.039314e-01 -7.390357e+01 2.069587e-02 9.997850e-01 -1.278356e-03 6.112788e-01 6.038236e-01 -1.148023e-02 7.970353e-01 3.416255e+00
8.312571e-01 -1.818183e-02 -5.555907e-01 -7.414891e+01 2.032820e-02 9.997907e-01 -2.303980e-03 6.077024e-01 5.555163e-01 -9.378958e-03 8.314527e-01 3.836912e+00
8.622320e-01 -1.687196e-02 -5.062325e-01 -7.438682e+01 1.719290e-02 9.998440e-01 -4.039769e-03 6.053810e-01 5.062217e-01 -5.220386e-03 8.623876e-01 4.288620e+00
8.883294e-01 -1.520102e-02 -4.589551e-01 -7.458189e+01 1.613462e-02 9.998680e-01 -1.887247e-03 5.933338e-01 4.589233e-01 -5.728569e-03 8.884574e-01 4.753350e+00
9.099815e-01 -9.033746e-03 -4.145504e-01 -7.480794e+01 9.658481e-03 9.999532e-01 -5.892746e-04 5.892970e-01 4.145363e-01 -3.467698e-03 9.100262e-01 5.268860e+00
9.278622e-01 -4.483473e-03 -3.728962e-01 -7.501651e+01 4.115850e-03 9.999899e-01 -1.781959e-03 5.861595e-01 3.729004e-01 1.186273e-04 9.278714e-01 5.801022e+00
9.417629e-01 1.060264e-03 -3.362758e-01 -7.521687e+01 -1.115031e-03 9.999994e-01 3.023588e-05 5.804373e-01 3.362757e-01 3.464831e-04 9.417635e-01 6.359339e+00
9.518931e-01 1.976987e-03 -3.064238e-01 -7.536777e+01 -1.345151e-03 9.999965e-01 2.273126e-03 5.726550e-01 3.064273e-01 -1.751587e-03 9.518925e-01 6.900526e+00
9.593922e-01 1.295406e-03 -2.820727e-01 -7.552841e+01 -2.125018e-04 9.999925e-01 3.869652e-03 5.676050e-01 2.820756e-01 -3.652573e-03 9.593852e-01 7.487833e+00
9.654726e-01 2.438989e-03 -2.604932e-01 -7.570202e+01 -8.791325e-04 9.999810e-01 6.104439e-03 5.623268e-01 2.605031e-01 -5.664661e-03 9.654564e-01 8.103401e+00
9.702437e-01 4.901343e-03 -2.420807e-01 -7.586317e+01 -2.874128e-03 9.999578e-01 8.726558e-03 5.624820e-01 2.421132e-01 -7.771118e-03 9.702169e-01 8.732248e+00
9.739858e-01 9.906157e-03 -2.263924e-01 -7.602515e+01 -7.770527e-03 9.999165e-01 1.032255e-02 5.629435e-01 2.264758e-01 -8.294830e-03 9.739815e-01 9.373123e+00
9.769679e-01 1.389051e-02 -2.129339e-01 -7.617715e+01 -1.166879e-02 9.998636e-01 1.168711e-02 5.604417e-01 2.130672e-01 -8.933246e-03 9.769967e-01 1.002874e+01
9.797593e-01 1.244547e-02 -1.997919e-01 -7.630985e+01 -1.037535e-02 9.998811e-01 1.140506e-02 5.612024e-01 1.999101e-01 -9.101301e-03 9.797720e-01 1.069195e+01
9.824817e-01 1.349593e-02 -1.858697e-01 -7.644240e+01 -1.162156e-02 9.998701e-01 1.117019e-02 5.562513e-01 1.859963e-01 -8.814410e-03 9.825109e-01 1.137950e+01
9.851535e-01 1.395461e-02 -1.711075e-01 -7.656371e+01 -1.210454e-02 9.998565e-01 1.185091e-02 5.566878e-01 1.712483e-01 -9.603791e-03 9.851811e-01 1.206184e+01
9.874864e-01 1.569113e-02 -1.569216e-01 -7.667185e+01 -1.390898e-02 9.998258e-01 1.244866e-02 5.547311e-01 1.570896e-01 -1.011026e-02 9.875326e-01 1.275766e+01
9.893768e-01 1.576103e-02 -1.445170e-01 -7.676636e+01 -1.449876e-02 9.998470e-01 9.783519e-03 5.480204e-01 1.446491e-01 -7.584270e-03 9.894540e-01 1.345970e+01
9.909076e-01 1.632077e-02 -1.335507e-01 -7.686417e+01 -1.585216e-02 9.998639e-01 4.571479e-03 5.424043e-01 1.336071e-01 -2.412846e-03 9.910314e-01 1.418890e+01
9.921802e-01 1.451570e-02 -1.239666e-01 -7.695624e+01 -1.483719e-02 9.998885e-01 -1.670446e-03 5.398025e-01 1.239286e-01 3.496700e-03 9.922850e-01 1.492285e+01
9.931477e-01 1.450216e-02 -1.159627e-01 -7.704305e+01 -1.482418e-02 9.998883e-01 -1.914908e-03 5.349903e-01 1.159220e-01 3.620839e-03 9.932517e-01 1.568099e+01
9.939128e-01 1.680801e-02 -1.088802e-01 -7.714859e+01 -1.645485e-02 9.998560e-01 4.141239e-03 5.284276e-01 1.089341e-01 -2.324422e-03 9.940463e-01 1.647293e+01
9.943759e-01 2.169071e-02 -1.036634e-01 -7.723885e+01 -2.052089e-02 9.997133e-01 1.233812e-02 5.167149e-01 1.039013e-01 -1.014147e-02 9.945359e-01 1.724216e+01
9.947987e-01 2.249634e-02 -9.934482e-02 -7.732562e+01 -2.101244e-02 9.996518e-01 1.595819e-02 5.120341e-01 9.966924e-02 -1.378771e-02 9.949251e-01 1.801674e+01
9.951548e-01 2.113459e-02 -9.602170e-02 -7.739643e+01 -1.979574e-02 9.996934e-01 1.487462e-02 5.097993e-01 9.630663e-02 -1.290173e-02 9.952681e-01 1.877400e+01
9.954688e-01 2.072514e-02 -9.280285e-02 -7.748792e+01 -1.953613e-02 9.997152e-01 1.370257e-02 5.140027e-01 9.306042e-02 -1.182747e-02 9.955902e-01 1.956918e+01
9.957598e-01 1.980352e-02 -8.983449e-02 -7.755292e+01 -1.843623e-02 9.997016e-01 1.602453e-02 5.076008e-01 9.012503e-02 -1.430038e-02 9.958278e-01 2.031990e+01
9.960067e-01 1.807069e-02 -8.743050e-02 -7.762442e+01 -1.651577e-02 9.996929e-01 1.847560e-02 5.057594e-01 8.773752e-02 -1.695784e-02 9.959993e-01 2.109211e+01
9.962872e-01 1.627912e-02 -8.453845e-02 -7.767967e+01 -1.461625e-02 9.996881e-01 2.025185e-02 4.993829e-01 8.484176e-02 -1.894103e-02 9.962144e-01 2.183652e+01
9.964896e-01 1.655221e-02 -8.206405e-02 -7.773483e+01 -1.521852e-02 9.997422e-01 1.685075e-02 4.895984e-01 8.232181e-02 -1.554270e-02 9.964846e-01 2.257573e+01
9.965751e-01 1.918293e-02 -8.043732e-02 -7.780166e+01 -1.848691e-02 9.997850e-01 9.388854e-03 4.879544e-01 8.060013e-02 -7.869660e-03 9.967154e-01 2.332293e+01
9.966746e-01 2.068895e-02 -7.881489e-02 -7.786746e+01 -2.060139e-02 9.997859e-01 1.923970e-03 4.753129e-01 7.883783e-02 -2.938761e-04 9.968874e-01 2.407618e+01
9.967584e-01 2.173261e-02 -7.746164e-02 -7.793382e+01 -2.197561e-02 9.997559e-01 -2.285940e-03 4.679810e-01 7.739305e-02 3.980797e-03 9.969927e-01 2.483236e+01
9.968757e-01 2.390613e-02 -7.528196e-02 -7.799980e+01 -2.403383e-02 9.997108e-01 -7.907345e-04 4.594746e-01 7.524129e-02 2.597578e-03 9.971620e-01 2.558416e+01
9.969719e-01 2.774901e-02 -7.264367e-02 -7.807034e+01 -2.758995e-02 9.996142e-01 3.192348e-03 4.448499e-01 7.270423e-02 -1.178446e-03 9.973528e-01 2.634751e+01
9.970614e-01 3.133921e-02 -6.990334e-02 -7.814229e+01 -3.083981e-02 9.994906e-01 8.212287e-03 4.352062e-01 7.012510e-02 -6.032349e-03 9.975200e-01 2.709788e+01
9.973058e-01 2.931278e-02 -6.724499e-02 -7.820080e+01 -2.870544e-02 9.995381e-01 9.980351e-03 4.312033e-01 6.750648e-02 -8.023165e-03 9.976866e-01 2.785897e+01
9.974661e-01 2.643133e-02 -6.605080e-02 -7.825277e+01 -2.583043e-02 9.996170e-01 9.935108e-03 4.210760e-01 6.628810e-02 -8.203813e-03 9.977668e-01 2.861214e+01
9.975700e-01 2.446670e-02 -6.523369e-02 -7.830019e+01 -2.385668e-02 9.996642e-01 1.011396e-02 4.101308e-01 6.545924e-02 -8.533120e-03 9.978188e-01 2.936381e+01
9.976649e-01 2.422619e-02 -6.385732e-02 -7.836037e+01 -2.376135e-02 9.996854e-01 8.028791e-03 4.085868e-01 6.403173e-02 -6.492707e-03 9.979267e-01 3.011060e+01
9.977425e-01 2.220146e-02 -6.337919e-02 -7.840795e+01 -2.182665e-02 9.997400e-01 6.600118e-03 4.051568e-01 6.350925e-02 -5.201863e-03 9.979677e-01 3.087011e+01
9.978036e-01 2.151259e-02 -6.265170e-02 -7.846006e+01 -2.113660e-02 9.997544e-01 6.657934e-03 3.979723e-01 6.277955e-02 -5.319066e-03 9.980132e-01 3.163322e+01
9.977768e-01 2.542387e-02 -6.160494e-02 -7.851424e+01 -2.500347e-02 9.996586e-01 7.585589e-03 3.909534e-01 6.177676e-02 -6.028387e-03 9.980718e-01 3.237770e+01
9.977781e-01 2.586803e-02 -6.139797e-02 -7.857616e+01 -2.551514e-02 9.996531e-01 6.524714e-03 3.858878e-01 6.154545e-02 -4.943639e-03 9.980920e-01 3.316412e+01
9.976733e-01 2.635896e-02 -6.287368e-02 -7.863689e+01 -2.601135e-02 9.996415e-01 6.341040e-03 3.785458e-01 6.301829e-02 -4.690857e-03 9.980013e-01 3.395032e+01
9.976020e-01 2.437345e-02 -6.477865e-02 -7.869140e+01 -2.398839e-02 9.996897e-01 6.715447e-03 3.736675e-01 6.492223e-02 -5.145407e-03 9.978771e-01 3.471956e+01
9.973496e-01 2.676358e-02 -6.765642e-02 -7.875851e+01 -2.638796e-02 9.996310e-01 6.439767e-03 3.656793e-01 6.780381e-02 -4.637385e-03 9.976879e-01 3.551033e+01
9.970093e-01 3.135107e-02 -7.063664e-02 -7.881201e+01 -3.097469e-02 9.994996e-01 6.417761e-03 3.496621e-01 7.080249e-02 -4.210620e-03 9.974815e-01 3.626166e+01
9.968146e-01 3.170225e-02 -7.318268e-02 -7.888632e+01 -3.170198e-02 9.994967e-01 1.165520e-03 3.474492e-01 7.318280e-02 1.158229e-03 9.973179e-01 3.706067e+01
9.966144e-01 3.229774e-02 -7.560839e-02 -7.894950e+01 -3.256734e-02 9.994668e-01 -2.335114e-03 3.418742e-01 7.549266e-02 4.789572e-03 9.971349e-01 3.782463e+01
9.965013e-01 3.178701e-02 -7.729625e-02 -7.902632e+01 -3.221932e-02 9.994713e-01 -4.351959e-03 3.345160e-01 7.711705e-02 6.827165e-03 9.969987e-01 3.863725e+01
9.963754e-01 3.159622e-02 -7.897910e-02 -7.911351e+01 -3.193807e-02 9.994851e-01 -3.068595e-03 3.248397e-01 7.884148e-02 5.579913e-03 9.968715e-01 3.945783e+01
9.962573e-01 3.064018e-02 -8.082425e-02 -7.919139e+01 -3.093846e-02 9.995183e-01 -2.440495e-03 3.096762e-01 8.071054e-02 4.931939e-03 9.967254e-01 4.027732e+01
9.961301e-01 2.998817e-02 -8.261628e-02 -7.926039e+01 -3.016634e-02 9.995445e-01 -9.088433e-04 3.022769e-01 8.255139e-02 3.397557e-03 9.965810e-01 4.109176e+01
9.960751e-01 3.003702e-02 -8.325969e-02 -7.934195e+01 -2.992925e-02 9.995488e-01 2.542470e-03 2.926704e-01 8.329849e-02 -4.059071e-05 9.965246e-01 4.192716e+01
9.960060e-01 3.018601e-02 -8.402863e-02 -7.942444e+01 -2.968935e-02 9.995336e-01 7.154264e-03 2.825462e-01 8.420540e-02 -4.630935e-03 9.964377e-01 4.278010e+01
9.960695e-01 3.087373e-02 -8.302003e-02 -7.950920e+01 -3.023610e-02 9.995029e-01 8.927011e-03 2.739481e-01 8.325437e-02 -6.381721e-03 9.965079e-01 4.363923e+01
9.961313e-01 3.470134e-02 -8.073581e-02 -7.959587e+01 -3.409799e-02 9.993794e-01 8.840295e-03 2.653165e-01 8.099247e-02 -6.053166e-03 9.966963e-01 4.450005e+01
9.962920e-01 3.502739e-02 -7.858299e-02 -7.967693e+01 -3.456783e-02 9.993764e-01 7.201190e-03 2.623010e-01 7.878622e-02 -4.458045e-03 9.968816e-01 4.536687e+01
9.964999e-01 3.232171e-02 -7.709307e-02 -7.974710e+01 -3.203931e-02 9.994746e-01 4.897452e-03 2.574894e-01 7.721086e-02 -2.410302e-03 9.970119e-01 4.623471e+01
9.967612e-01 2.857648e-02 -7.517010e-02 -7.981596e+01 -2.842369e-02 9.995912e-01 3.101784e-03 2.498403e-01 7.522800e-02 -9.551264e-04 9.971659e-01 4.710887e+01
9.969675e-01 2.644397e-02 -7.318884e-02 -7.990390e+01 -2.633361e-02 9.996502e-01 2.472643e-03 2.525224e-01 7.322862e-02 -5.378186e-04 9.973150e-01 4.802457e+01
9.971081e-01 2.428255e-02 -7.201302e-02 -7.997525e+01 -2.399688e-02 9.997004e-01 4.829600e-03 2.443905e-01 7.210871e-02 -3.087546e-03 9.973920e-01 4.889664e+01
9.972265e-01 2.152609e-02 -7.124563e-02 -8.003790e+01 -2.104442e-02 9.997504e-01 7.504604e-03 2.282485e-01 7.138939e-02 -5.984467e-03 9.974306e-01 4.976912e+01
9.972951e-01 2.136436e-02 -7.032780e-02 -8.010223e+01 -2.087263e-02 9.997523e-01 7.719564e-03 2.166710e-01 7.047530e-02 -6.230757e-03 9.974941e-01 5.062745e+01
9.973140e-01 2.324058e-02 -6.945937e-02 -8.016527e+01 -2.298068e-02 9.997256e-01 4.538521e-03 2.015701e-01 6.954579e-02 -2.930107e-03 9.975745e-01 5.147877e+01
9.972897e-01 2.608766e-02 -6.879417e-02 -8.023574e+01 -2.623750e-02 9.996549e-01 -1.275331e-03 1.858123e-01 6.873716e-02 3.076862e-03 9.976301e-01 5.233275e+01
9.972929e-01 2.799954e-02 -6.799119e-02 -8.029504e+01 -2.851695e-02 9.995712e-01 -6.651055e-03 1.676789e-01 6.777581e-02 8.571951e-03 9.976638e-01 5.317347e+01
9.971856e-01 3.324028e-02 -6.720026e-02 -8.036843e+01 -3.415464e-02 9.993383e-01 -1.250342e-02 1.452317e-01 6.674018e-02 1.476343e-02 9.976612e-01 5.402226e+01
9.972478e-01 3.296775e-02 -6.640772e-02 -8.042638e+01 -3.393356e-02 9.993333e-01 -1.346832e-02 1.239982e-01 6.591942e-02 1.568470e-02 9.977017e-01 5.486622e+01
9.973637e-01 3.052578e-02 -6.583240e-02 -8.049155e+01 -3.110291e-02 9.994861e-01 -7.759321e-03 1.050604e-01 6.556171e-02 9.786444e-03 9.978005e-01 5.572093e+01
9.973674e-01 2.952007e-02 -6.623310e-02 -8.055473e+01 -2.950028e-02 9.995640e-01 1.276990e-03 8.571239e-02 6.624191e-02 6.802668e-04 9.978034e-01 5.657250e+01
9.973261e-01 2.894701e-02 -6.710293e-02 -8.062194e+01 -2.840904e-02 9.995562e-01 8.957696e-03 6.622262e-02 6.733245e-02 -7.027414e-03 9.977058e-01 5.742752e+01
9.972085e-01 2.739853e-02 -6.945929e-02 -8.068265e+01 -2.699065e-02 9.996125e-01 6.804096e-03 5.290190e-02 6.961880e-02 -4.910351e-03 9.975616e-01 5.825798e+01
9.971945e-01 2.235290e-02 -7.143926e-02 -8.074668e+01 -2.217914e-02 9.997488e-01 3.224636e-03 4.185912e-02 7.149340e-02 -1.631128e-03 9.974397e-01 5.910153e+01
9.970306e-01 2.131597e-02 -7.399747e-02 -8.081343e+01 -2.124093e-02 9.997728e-01 1.801001e-03 2.576697e-02 7.401904e-02 -2.238780e-04 9.972568e-01 5.993664e+01
9.967866e-01 2.357333e-02 -7.655593e-02 -8.088726e+01 -2.368591e-02 9.997193e-01 -5.627714e-04 9.273970e-03 7.652117e-02 2.374260e-03 9.970651e-01 6.075652e+01
9.964698e-01 2.555303e-02 -7.996914e-02 -8.096686e+01 -2.593769e-02 9.996564e-01 -3.774936e-03 -9.938828e-03 7.984521e-02 5.835825e-03 9.967902e-01 6.158105e+01
9.961292e-01 2.562710e-02 -8.408259e-02 -8.104275e+01 -2.631632e-02 9.996285e-01 -7.098660e-03 -2.550569e-02 8.386943e-02 9.283926e-03 9.964335e-01 6.239663e+01
9.958160e-01 2.722305e-02 -8.723144e-02 -8.112178e+01 -2.827560e-02 9.995412e-01 -1.085314e-02 -4.666894e-02 8.689597e-02 1.327425e-02 9.961289e-01 6.320174e+01
9.954124e-01 3.198713e-02 -9.017244e-02 -8.121370e+01 -3.309728e-02 9.993933e-01 -1.084270e-02 -6.959941e-02 8.977091e-02 1.377742e-02 9.958671e-01 6.401150e+01
9.949445e-01 3.631180e-02 -9.363153e-02 -8.130329e+01 -3.733182e-02 9.992609e-01 -9.164910e-03 -8.979094e-02 9.322953e-02 1.261401e-02 9.955647e-01 6.481652e+01
9.944608e-01 3.965845e-02 -9.733892e-02 -8.139298e+01 -4.016327e-02 9.991879e-01 -3.231527e-03 -1.120675e-01 9.713171e-02 7.123076e-03 9.952460e-01 6.561921e+01
9.940208e-01 4.003682e-02 -1.015855e-01 -8.147522e+01 -3.998197e-02 9.991971e-01 2.576792e-03 -1.294412e-01 1.016071e-01 1.500202e-03 9.948235e-01 6.640400e+01
9.935337e-01 3.896287e-02 -1.066429e-01 -8.156430e+01 -3.851926e-02 9.992385e-01 6.217172e-03 -1.414736e-01 1.068040e-01 -2.069162e-03 9.942779e-01 6.719943e+01
9.928361e-01 3.887214e-02 -1.129845e-01 -8.166220e+01 -3.830135e-02 9.992402e-01 7.219051e-03 -1.524295e-01 1.131793e-01 -2.839875e-03 9.935705e-01 6.798757e+01
9.922533e-01 3.627740e-02 -1.188167e-01 -8.176214e+01 -3.522786e-02 9.993196e-01 1.092237e-02 -1.573378e-01 1.191321e-01 -6.652104e-03 9.928561e-01 6.877068e+01
9.913735e-01 3.690536e-02 -1.257640e-01 -8.185814e+01 -3.586080e-02 9.993010e-01 1.056036e-02 -1.667853e-01 1.260658e-01 -5.959269e-03 9.920040e-01 6.954846e+01
9.904136e-01 4.127890e-02 -1.318215e-01 -8.197326e+01 -4.034683e-02 9.991383e-01 9.734948e-03 -1.714932e-01 1.321098e-01 -4.323044e-03 9.912257e-01 7.031877e+01
9.894611e-01 4.326816e-02 -1.381829e-01 -8.208814e+01 -4.286309e-02 9.990635e-01 5.907191e-03 -1.756393e-01 1.383091e-01 7.800990e-05 9.903891e-01 7.108523e+01
9.886413e-01 4.187369e-02 -1.443433e-01 -8.220950e+01 -4.185290e-02 9.991187e-01 3.181867e-03 -1.846189e-01 1.443494e-01 2.895463e-03 9.895225e-01 7.185796e+01
9.877785e-01 4.317019e-02 -1.497664e-01 -8.233833e+01 -4.338061e-02 9.990569e-01 1.863196e-03 -1.949738e-01 1.497056e-01 4.656534e-03 9.887196e-01 7.263777e+01
9.870044e-01 4.493219e-02 -1.542836e-01 -8.247285e+01 -4.441974e-02 9.989900e-01 6.768867e-03 -1.971372e-01 1.544320e-01 1.723380e-04 9.880034e-01 7.340855e+01
9.860297e-01 4.609980e-02 -1.600635e-01 -8.261309e+01 -4.488846e-02 9.989295e-01 1.117738e-02 -2.078193e-01 1.604074e-01 -3.836221e-03 9.870434e-01 7.416823e+01
9.850793e-01 4.539307e-02 -1.660070e-01 -8.275275e+01 -4.375698e-02 9.989510e-01 1.350159e-02 -2.193823e-01 1.664457e-01 -6.036174e-03 9.860321e-01 7.492497e+01
9.839618e-01 4.282668e-02 -1.731622e-01 -8.289347e+01 -4.179246e-02 9.990800e-01 9.615839e-03 -2.239295e-01 1.734147e-01 -2.224743e-03 9.848464e-01 7.567511e+01
9.825373e-01 4.094283e-02 -1.815051e-01 -8.304137e+01 -4.117725e-02 9.991488e-01 2.478155e-03 -2.266728e-01 1.814520e-01 5.038998e-03 9.833869e-01 7.641442e+01
9.809883e-01 3.823951e-02 -1.902624e-01 -8.319831e+01 -3.879083e-02 9.992470e-01 8.271203e-04 -2.363485e-01 1.901508e-01 6.569042e-03 9.817329e-01 7.715977e+01
9.789293e-01 3.787311e-02 -2.006568e-01 -8.336337e+01 -3.785469e-02 9.992755e-01 3.930120e-03 -2.479617e-01 2.006603e-01 3.748492e-03 9.796537e-01 7.790020e+01
9.766810e-01 3.747746e-02 -2.113992e-01 -8.353915e+01 -3.613621e-02 9.992948e-01 1.020569e-02 -2.507386e-01 2.116326e-01 -2.328533e-03 9.773465e-01 7.863517e+01
9.740678e-01 3.897633e-02 -2.228739e-01 -8.372247e+01 -3.582560e-02 9.991930e-01 1.816411e-02 -2.545837e-01 2.234020e-01 -9.708487e-03 9.746781e-01 7.936447e+01
9.714301e-01 3.986666e-02 -2.339533e-01 -8.390576e+01 -3.571363e-02 9.991207e-01 2.196300e-02 -2.618798e-01 2.346232e-01 -1.298019e-02 9.719997e-01 8.008302e+01
9.684224e-01 4.280794e-02 -2.456125e-01 -8.411102e+01 -3.972018e-02 9.990573e-01 1.751406e-02 -2.642739e-01 2.461307e-01 -7.205237e-03 9.692099e-01 8.081478e+01
9.652816e-01 4.224518e-02 -2.577729e-01 -8.431497e+01 -4.142459e-02 9.991045e-01 8.615962e-03 -2.691988e-01 2.579060e-01 2.361304e-03 9.661671e-01 8.151653e+01
9.619634e-01 3.956790e-02 -2.702975e-01 -8.451681e+01 -4.006029e-02 9.991904e-01 3.697131e-03 -2.634680e-01 2.702250e-01 7.271694e-03 9.627697e-01 8.221393e+01
9.585338e-01 3.872900e-02 -2.823348e-01 -8.473018e+01 -3.779686e-02 9.992471e-01 8.749469e-03 -2.658351e-01 2.824611e-01 2.284707e-03 9.592760e-01 8.292132e+01
9.552092e-01 4.021736e-02 -2.931860e-01 -8.497698e+01 -3.706659e-02 9.991799e-01 1.629693e-02 -2.732954e-01 2.936010e-01 -4.699576e-03 9.559165e-01 8.364294e+01
9.515155e-01 4.065623e-02 -3.049022e-01 -8.522184e+01 -3.572317e-02 9.991252e-01 2.174308e-02 -2.772628e-01 3.055194e-01 -9.796810e-03 9.521355e-01 8.435824e+01
9.475764e-01 3.898097e-02 -3.171426e-01 -8.548478e+01 -3.446233e-02 9.992089e-01 1.984736e-02 -2.782713e-01 3.176654e-01 -7.877415e-03 9.481702e-01 8.507377e+01
