1.000000e+00 1.972988e-07 2.600802e-08 -2.161979e-08 -1.972988e-07 1.000000e+00 3.911248e-08 3.131357e-09 -2.600801e-08 -3.911249e-08 1.000000e+00 1.191197e-09
9.938757e-01 -3.352410e-04 -1.105033e-01 -1.426179e-01 -1.531516e-04 9.999903e-01 -4.411193e-03 -1.739955e-02 1.105037e-01 4.401102e-03 9.938660e-01 1.009614e+00
9.628509e-01 1.215141e-02 -2.697602e-01 -4.797722e-01 -1.475572e-02 9.998620e-01 -7.628342e-03 -5.105590e-02 2.696303e-01 1.132546e-02 9.628973e-01 1.965980e+00
8.997820e-01 2.156039e-02 -4.358067e-01 -1.053290e+00 -2.592049e-02 9.996558e-01 -4.061046e-03 -5.245401e-02 4.355691e-01 1.495038e-02 9.000311e-01 2.950928e+00
8.074041e-01 2.076412e-02 -5.896333e-01 -1.725715e+00 -2.484389e-02 9.996907e-01 1.184869e-03 -4.966811e-02 5.894755e-01 1.369212e-02 8.076702e-01 3.751317e+00
6.993181e-01 1.712486e-02 -7.146054e-01 -2.323707e+00 -1.954562e-02 9.997973e-01 4.831729e-03 -6.498332e-02 7.145433e-01 1.058849e-02 6.995111e-01 4.222663e+00
6.127085e-01 1.411262e-02 -7.901830e-01 -2.825904e+00 -1.223947e-02 9.998901e-01 8.367488e-03 -5.921930e-02 7.902143e-01 4.544587e-03 6.128139e-01 4.528089e+00
5.657079e-01 1.594727e-02 -8.244515e-01 -3.111435e+00 -1.026712e-02 9.998717e-01 1.229549e-02 -5.271223e-02 8.245418e-01 1.509086e-03 5.657991e-01 4.664609e+00
4.633021e-01 1.963251e-02 -8.859829e-01 -3.625208e+00 -8.399807e-03 9.998069e-01 1.776227e-02 -5.106923e-02 8.861606e-01 -7.872130e-04 4.633776e-01 4.874090e+00
3.003664e-01 2.837668e-02 -9.534017e-01 -4.574941e+00 -4.243190e-03 9.995872e-01 2.841453e-02 -4.391575e-02 9.538145e-01 -4.489305e-03 3.003628e-01 5.105436e+00
1.501736e-01 3.318182e-02 -9.881027e-01 -5.727123e+00 1.979182e-03 9.994245e-01 3.386282e-02 -3.037727e-02 9.886576e-01 -7.040937e-03 1.500215e-01 5.222762e+00
3.688610e-02 3.074738e-02 -9.988463e-01 -7.058619e+00 5.303988e-04 9.995258e-01 3.078788e-02 2.849446e-03 9.993193e-01 -1.665432e-03 3.685230e-02 5.214072e+00
-4.019030e-02 2.497410e-02 -9.988799e-01 -8.541120e+00 3.232207e-04 9.996878e-01 2.498130e-02 3.330316e-02 9.991920e-01 6.811473e-04 -4.018583e-02 5.110584e+00
-6.804968e-02 2.583382e-02 -9.973474e-01 -9.617746e+00 2.693261e-03 9.996658e-01 2.571011e-02 5.913613e-02 9.976783e-01 -9.365523e-04 -6.809653e-02 5.012492e+00
-8.305857e-02 2.985966e-02 -9.960972e-01 -1.075223e+01 7.899932e-04 9.995527e-01 2.989737e-02 6.740099e-02 9.965444e-01 1.696322e-03 -8.304500e-02 4.891902e+00
-8.789492e-02 3.264821e-02 -9.955946e-01 -1.197297e+01 4.364128e-03 9.994658e-01 3.238987e-02 9.950475e-02 9.961202e-01 -1.497997e-03 -8.799045e-02 4.782276e+00
-8.416529e-02 3.834719e-02 -9.957137e-01 -1.324946e+01 7.327278e-03 9.992560e-01 3.786425e-02 1.359856e-01 9.964249e-01 -4.109015e-03 -8.438365e-02 4.663830e+00
-7.996497e-02 3.698659e-02 -9.961112e-01 -1.457485e+01 4.364562e-03 9.993148e-01 3.675517e-02 1.696823e-01 9.967881e-01 -1.408463e-03 -8.007161e-02 4.546069e+00
-7.578801e-02 4.057307e-02 -9.962982e-01 -1.596410e+01 5.666769e-03 9.991732e-01 4.025909e-02 2.203714e-01 9.971079e-01 -2.594636e-03 -7.595527e-02 4.430889e+00
-7.132173e-02 4.744702e-02 -9.963243e-01 -1.740793e+01 4.658195e-03 9.988729e-01 4.723494e-02 2.571954e-01 9.974425e-01 -1.272195e-03 -7.146236e-02 4.323357e+00
-6.684446e-02 4.461557e-02 -9.967654e-01 -1.892469e+01 1.955062e-03 9.990037e-01 4.458465e-02 3.185688e-01 9.977615e-01 1.031499e-03 -6.686509e-02 4.198832e+00
-6.286561e-02 4.712325e-02 -9.969089e-01 -2.050058e+01 4.849075e-03 9.988873e-01 4.691099e-02 3.784479e-01 9.980102e-01 -1.884998e-03 -6.302416e-02 4.085155e+00
-5.982337e-02 5.153067e-02 -9.968780e-01 -2.210221e+01 8.909043e-03 9.986544e-01 5.108786e-02 4.360568e-01 9.981692e-01 -5.824981e-03 -6.020196e-02 3.981361e+00
-5.849345e-02 4.013320e-02 -9.974808e-01 -2.371356e+01 1.167104e-02 9.991508e-01 3.951599e-02 4.926860e-01 9.982195e-01 -9.330210e-03 -5.891217e-02 3.877199e+00
-7.807104e-02 1.464116e-02 -9.968403e-01 -2.486413e+01 1.597475e-02 9.997821e-01 1.343325e-02 5.713883e-01 9.968198e-01 -1.487552e-02 -7.828792e-02 4.162010e+00
-1.206140e-01 -4.827799e-03 -9.926877e-01 -2.591088e+01 1.827856e-02 9.998079e-01 -7.083318e-03 6.670931e-01 9.925312e-01 -1.899925e-02 -1.205026e-01 4.604489e+00
-2.401976e-01 -6.325498e-02 -9.686609e-01 -2.655589e+01 2.589879e-02 9.971018e-01 -7.153430e-02 8.057262e-01 9.703785e-01 -4.226951e-02 -2.378632e-01 5.331749e+00
-3.873121e-01 -1.312719e-01 -9.125552e-01 -2.712731e+01 2.300593e-02 9.881270e-01 -1.519073e-01 8.300604e-01 9.216616e-01 -7.982971e-02 -3.796935e-01 5.853631e+00
-5.427844e-01 -1.823308e-01 -8.198418e-01 -2.761471e+01 2.174540e-03 9.758424e-01 -2.184646e-01 7.278680e-01 8.398693e-01 -1.203620e-01 -5.292755e-01 6.118401e+00
-6.876389e-01 -2.268346e-01 -6.897092e-01 -2.792064e+01 -3.296279e-02 9.587174e-01 -2.824434e-01 5.119689e-01 7.253042e-01 -1.714843e-01 -6.667286e-01 6.154939e+00
-8.048977e-01 -2.495023e-01 -5.384127e-01 -2.800562e+01 -7.563862e-02 9.430502e-01 -3.239370e-01 1.982050e-01 5.885732e-01 -2.200114e-01 -7.779309e-01 5.963967e+00
-8.884008e-01 -2.491070e-01 -3.856031e-01 -2.786153e+01 -1.171570e-01 9.351833e-01 -3.342252e-01 -1.748696e-01 4.438674e-01 -2.517498e-01 -8.600022e-01 5.615800e+00
-9.383501e-01 -2.396334e-01 -2.491482e-01 -2.747152e+01 -1.523002e-01 9.335974e-01 -3.243462e-01 -5.613668e-01 3.103283e-01 -2.664050e-01 -9.125375e-01 5.125986e+00
-9.634756e-01 -2.280189e-01 -1.404357e-01 -2.686194e+01 -1.754626e-01 9.336769e-01 -3.121863e-01 -9.293074e-01 2.023059e-01 -2.761426e-01 -9.395837e-01 4.578770e+00
-9.730850e-01 -2.187157e-01 -7.258782e-02 -2.607591e+01 -1.890475e-01 9.377660e-01 -2.913007e-01 -1.276013e+00 1.317824e-01 -2.697378e-01 -9.538736e-01 4.003217e+00
-9.777810e-01 -2.038577e-01 -4.885018e-02 -2.520106e+01 -1.846829e-01 9.479597e-01 -2.593542e-01 -1.589633e+00 9.917936e-02 -2.445698e-01 -9.645460e-01 3.412007e+00
-9.812774e-01 -1.798122e-01 -6.900979e-02 -2.431157e+01 -1.604255e-01 9.613526e-01 -2.237518e-01 -1.842322e+00 1.065760e-01 -2.084916e-01 -9.722000e-01 2.833104e+00
-9.788047e-01 -1.560263e-01 -1.326547e-01 -2.346575e+01 -1.329656e-01 9.768110e-01 -1.678108e-01 -2.029769e+00 1.557615e-01 -1.466155e-01 -9.768533e-01 2.269326e+00
-9.642806e-01 -1.274505e-01 -2.322052e-01 -2.273554e+01 -1.030811e-01 9.880879e-01 -1.142658e-01 -2.137254e+00 2.440024e-01 -8.624834e-02 -9.659317e-01 1.711536e+00
-9.275743e-01 -1.025900e-01 -3.592787e-01 -2.215368e+01 -8.391376e-02 9.942016e-01 -6.724284e-02 -2.160431e+00 3.640939e-01 -3.222431e-02 -9.308046e-01 1.205008e+00
-8.631779e-01 -6.521670e-02 -5.006702e-01 -2.178330e+01 -6.790150e-02 9.976089e-01 -1.288209e-02 -2.103619e+00 5.003131e-01 2.287672e-02 -8.655423e-01 7.604270e-01
-7.689654e-01 -1.776928e-02 -6.390435e-01 -2.163838e+01 -5.618224e-02 9.976244e-01 3.986448e-02 -1.973170e+00 6.368170e-01 6.655730e-02 -7.681369e-01 4.434780e-01
-6.492752e-01 3.260606e-02 -7.598544e-01 -2.169647e+01 -4.984334e-02 9.951086e-01 8.529084e-02 -1.761426e+00 7.589186e-01 9.325090e-02 -6.444741e-01 2.887548e-01
-5.152318e-01 8.133366e-02 -8.531829e-01 -2.193023e+01 -4.983500e-02 9.909594e-01 1.245629e-01 -1.483276e+00 8.556008e-01 1.066971e-01 -5.065206e-01 3.134938e-01
-3.836855e-01 1.140026e-01 -9.164000e-01 -2.227888e+01 -5.254658e-02 9.880476e-01 1.449163e-01 -1.158669e+00 9.219676e-01 1.037560e-01 -3.731091e-01 5.624086e-01
-2.665330e-01 1.235558e-01 -9.558735e-01 -2.269009e+01 -5.327179e-02 9.883447e-01 1.426072e-01 -8.093031e-01 9.623525e-01 8.893061e-02 -2.568444e-01 1.003749e+00
-1.730152e-01 1.160888e-01 -9.780538e-01 -2.310022e+01 -5.257178e-02 9.905253e-01 1.268689e-01 -4.687511e-01 9.835151e-01 7.336828e-02 -1.652729e-01 1.618710e+00
-1.059361e-01 9.860833e-02 -9.894715e-01 -2.347159e+01 -4.967080e-02 9.933039e-01 1.043082e-01 -1.577167e-01 9.931316e-01 6.019784e-02 -1.003288e-01 2.365386e+00
-6.599975e-02 7.102450e-02 -9.952887e-01 -2.378481e+01 -3.900679e-02 9.965174e-01 7.369880e-02 1.146257e-01 9.970569e-01 4.368712e-02 -6.299947e-02 3.212400e+00
-4.873117e-02 4.872203e-02 -9.976229e-01 -2.453438e+01 -2.612226e-02 9.984057e-01 5.003627e-02 3.295406e-01 9.984703e-01 2.849849e-02 -4.738075e-02 3.724023e+00
-2.993569e-02 3.082022e-02 -9.990765e-01 -2.549567e+01 -1.958243e-02 9.993146e-01 3.141431e-02 4.515500e-01 9.993600e-01 2.050476e-02 -2.931163e-02 3.995251e+00
1.760675e-02 3.239564e-02 -9.993201e-01 -2.653182e+01 -2.430399e-02 9.991935e-01 3.196333e-02 4.326357e-01 9.995496e-01 2.372469e-02 1.837990e-02 4.067074e+00
8.003225e-02 2.976047e-02 -9.963479e-01 -2.754638e+01 -2.388521e-02 9.993245e-01 2.793079e-02 4.276082e-01 9.965060e-01 2.156261e-02 8.068902e-02 4.173031e+00
2.030157e-01 2.933437e-02 -9.787360e-01 -2.894172e+01 -2.321320e-02 9.994144e-01 2.513910e-02 4.136110e-01 9.789003e-01 1.761596e-02 2.035777e-01 4.499736e+00
3.540900e-01 1.669057e-02 -9.350624e-01 -3.019753e+01 -7.009120e-03 9.998600e-01 1.519297e-02 3.909640e-01 9.351851e-01 1.174287e-03 3.541574e-01 5.001392e+00
4.588342e-01 1.040008e-02 -8.884610e-01 -3.096495e+01 -2.385257e-03 9.999423e-01 1.047321e-02 3.838553e-01 8.885187e-01 -2.686261e-03 4.588326e-01 5.435250e+00
5.959196e-01 -2.502811e-03 -8.030402e-01 -3.198366e+01 1.872417e-02 9.997666e-01 1.077888e-02 3.669104e-01 8.028258e-01 -2.145961e-02 5.958274e-01 6.271637e+00
7.214360e-01 -1.972871e-02 -6.922000e-01 -3.289159e+01 1.591132e-02 9.998024e-01 -1.191247e-02 3.439435e-01 6.922983e-01 -2.419727e-03 7.216074e-01 7.242377e+00
8.328589e-01 -2.468355e-02 -5.529347e-01 -3.364634e+01 1.274227e-02 9.995954e-01 -2.542984e-02 3.023145e-01 5.533387e-01 1.413382e-02 8.328364e-01 8.401222e+00
8.903833e-01 -2.178149e-02 -4.546902e-01 -3.409510e+01 1.076504e-02 9.995828e-01 -2.680373e-02 2.580817e-01 4.550843e-01 1.897084e-02 8.902463e-01 9.326777e+00
9.299373e-01 -1.111009e-02 -3.675501e-01 -3.451053e+01 9.123122e-04 9.996101e-01 -2.790740e-02 2.167360e-01 3.677169e-01 2.561681e-02 9.295849e-01 1.036130e+01
9.540463e-01 -4.544127e-03 -2.996246e-01 -3.486558e+01 -2.992242e-03 9.996907e-01 -2.468909e-02 1.675641e-01 2.996441e-01 2.445109e-02 9.537377e-01 1.146996e+01
9.674897e-01 -4.818780e-03 -2.528646e-01 -3.517644e+01 -6.528362e-04 9.997676e-01 -2.155016e-02 1.230576e-01 2.529096e-01 2.101464e-02 9.672616e-01 1.265803e+01
9.760320e-01 2.548582e-03 -2.176121e-01 -3.549222e+01 -6.562681e-03 9.998213e-01 -1.772539e-02 8.519833e-02 2.175281e-01 1.872867e-02 9.758744e-01 1.392842e+01
9.817931e-01 5.708756e-03 -1.898673e-01 -3.576574e+01 -9.046681e-03 9.998193e-01 -1.671822e-02 3.889508e-02 1.897376e-01 1.813151e-02 9.816674e-01 1.524766e+01
9.870712e-01 6.950058e-03 -1.601318e-01 -3.600714e+01 -9.713870e-03 9.998169e-01 -1.648327e-02 -4.115995e-03 1.599879e-01 1.782566e-02 9.869580e-01 1.662194e+01
9.911401e-01 8.904937e-03 -1.325219e-01 -3.619026e+01 -1.145705e-02 9.997631e-01 -1.850799e-02 -5.522096e-02 1.323257e-01 1.986232e-02 9.910073e-01 1.800826e+01
9.938149e-01 8.103921e-03 -1.107537e-01 -3.636492e+01 -1.147305e-02 9.994896e-01 -2.981664e-02 -1.083187e-01 1.104555e-01 3.090290e-02 9.934005e-01 1.946205e+01
9.954321e-01 1.020298e-02 -9.492527e-02 -3.653407e+01 -1.252841e-02 9.996350e-01 -2.393384e-02 -1.628655e-01 9.464643e-02 2.501378e-02 9.951967e-01 2.101314e+01
9.962967e-01 1.572911e-02 -8.453120e-02 -3.669192e+01 -1.679413e-02 9.997881e-01 -1.190289e-02 -2.234748e-01 8.432607e-02 1.327844e-02 9.963497e-01 2.255394e+01
9.969158e-01 1.400152e-02 -7.722035e-02 -3.683084e+01 -1.512033e-02 9.997887e-01 -1.392295e-02 -2.669727e-01 7.700909e-02 1.504761e-02 9.969168e-01 2.411654e+01
9.974213e-01 1.154689e-02 -7.083430e-02 -3.694893e+01 -1.221254e-02 9.998852e-01 -8.971413e-03 -3.176473e-01 7.072257e-02 9.813344e-03 9.974477e-01 2.565006e+01
9.978488e-01 9.670138e-03 -6.483987e-02 -3.703253e+01 -1.036184e-02 9.998928e-01 -1.033999e-02 -3.715307e-01 6.473293e-02 1.098961e-02 9.978421e-01 2.713631e+01
9.980631e-01 1.334653e-02 -6.076090e-02 -3.713756e+01 -1.489699e-02 9.995730e-01 -2.513623e-02 -4.192528e-01 6.039947e-02 2.599270e-02 9.978358e-01 2.863139e+01
9.982681e-01 1.654231e-02 -5.645459e-02 -3.724235e+01 -1.810905e-02 9.994617e-01 -2.735436e-02 -4.797965e-01 5.597170e-02 2.832933e-02 9.980304e-01 3.014836e+01
9.984292e-01 2.367540e-02 -5.078035e-02 -3.734764e+01 -2.461627e-02 9.995352e-01 -1.798350e-02 -5.438489e-01 5.033098e-02 1.920527e-02 9.985479e-01 3.166274e+01
9.987454e-01 1.848459e-02 -4.654077e-02 -3.741971e+01 -1.923573e-02 9.996910e-01 -1.574337e-02 -5.997868e-01 4.623538e-02 1.661886e-02 9.987923e-01 3.317382e+01
9.989275e-01 1.673641e-02 -4.317124e-02 -3.750467e+01 -1.749947e-02 9.996962e-01 -1.735826e-02 -6.491165e-01 4.286761e-02 1.809512e-02 9.989169e-01 3.467119e+01
9.990167e-01 1.487125e-02 -4.176843e-02 -3.753720e+01 -1.564850e-02 9.997093e-01 -1.834352e-02 -6.727966e-01 4.148350e-02 1.897909e-02 9.989589e-01 3.542444e+01
9.990753e-01 1.783555e-02 -3.912020e-02 -3.761361e+01 -1.851241e-02 9.996839e-01 -1.700857e-02 -7.224379e-01 3.880448e-02 1.771706e-02 9.990898e-01 3.693542e+01
9.991069e-01 1.840448e-02 -3.803490e-02 -3.765555e+01 -1.908379e-02 9.996634e-01 -1.757491e-02 -7.477316e-01 3.769863e-02 1.828507e-02 9.991219e-01 3.770797e+01
9.990756e-01 1.883129e-02 -3.864321e-02 -3.769898e+01 -1.951156e-02 9.996599e-01 -1.730272e-02 -7.747361e-01 3.830423e-02 1.804072e-02 9.991033e-01 3.849346e+01
9.990680e-01 1.724538e-02 -3.956792e-02 -3.774064e+01 -1.791244e-02 9.997023e-01 -1.656646e-02 -7.986318e-01 3.927044e-02 1.725978e-02 9.990795e-01 3.927706e+01
9.987467e-01 2.296574e-02 -4.446932e-02 -3.783721e+01 -2.373089e-02 9.995780e-01 -1.675536e-02 -8.500349e-01 4.406574e-02 1.778966e-02 9.988702e-01 4.085934e+01
9.985297e-01 2.423130e-02 -4.849003e-02 -3.793397e+01 -2.547249e-02 9.993592e-01 -2.514456e-02 -8.940783e-01 4.784968e-02 2.634275e-02 9.985071e-01 4.242769e+01
9.983903e-01 2.442653e-02 -5.118847e-02 -3.805358e+01 -2.575997e-02 9.993415e-01 -2.555387e-02 -9.534683e-01 5.053056e-02 2.683135e-02 9.983620e-01 4.407707e+01
9.982884e-01 2.279304e-02 -5.385764e-02 -3.815579e+01 -2.405985e-02 9.994461e-01 -2.299116e-02 -1.013061e+00 5.330377e-02 2.424762e-02 9.982839e-01 4.571311e+01
9.982549e-01 2.261278e-02 -5.454993e-02 -3.825971e+01 -2.343835e-02 9.996195e-01 -1.454207e-02 -1.067835e+00 5.420034e-02 1.579526e-02 9.984051e-01 4.738237e+01
9.983952e-01 2.596508e-02 -5.032738e-02 -3.837980e+01 -2.661717e-02 9.995697e-01 -1.233040e-02 -1.116858e+00 4.998557e-02 1.365018e-02 9.986566e-01 4.909845e+01
9.986871e-01 2.383250e-02 -4.534390e-02 -3.848841e+01 -2.457655e-02 9.995711e-01 -1.592297e-02 -1.160709e+00 4.494497e-02 1.701646e-02 9.988446e-01 5.084717e+01
9.989842e-01 1.949019e-02 -4.062785e-02 -3.856405e+01 -2.021915e-02 9.996405e-01 -1.760920e-02 -1.217069e+00 4.027003e-02 1.841277e-02 9.990192e-01 5.259213e+01
9.991730e-01 1.498165e-02 -3.780077e-02 -3.863018e+01 -1.544878e-02 9.998075e-01 -1.209603e-02 -1.280968e+00 3.761227e-02 1.267000e-02 9.992121e-01 5.432126e+01
9.992514e-01 1.686300e-02 -3.481931e-02 -3.870422e+01 -1.738280e-02 9.997411e-01 -1.468014e-02 -1.342613e+00 3.456275e-02 1.527441e-02 9.992858e-01 5.604203e+01
9.992446e-01 2.173396e-02 -3.221721e-02 -3.877590e+01 -2.256017e-02 9.994200e-01 -2.550731e-02 -1.407818e+00 3.164415e-02 2.621486e-02 9.991553e-01 5.774192e+01
9.992006e-01 2.720727e-02 -2.928967e-02 -3.885006e+01 -2.813964e-02 9.990947e-01 -3.190556e-02 -1.485289e+00 2.839509e-02 3.270426e-02 9.990616e-01 5.943861e+01
9.993344e-01 2.301466e-02 -2.830357e-02 -3.890484e+01 -2.349491e-02 9.995836e-01 -1.675393e-02 -1.554359e+00 2.790620e-02 1.740777e-02 9.994589e-01 6.112643e+01
9.993262e-01 2.101644e-02 -3.009117e-02 -3.897404e+01 -2.135432e-02 9.997120e-01 -1.095161e-02 -1.618795e+00 2.985234e-02 1.158681e-02 9.994872e-01 6.281961e+01
9.993345e-01 1.513237e-02 -3.318936e-02 -3.904106e+01 -1.566148e-02 9.997535e-01 -1.574062e-02 -1.675075e+00 3.294298e-02 1.624994e-02 9.993251e-01 6.450100e+01
9.990939e-01 1.942855e-02 -3.786876e-02 -3.912346e+01 -2.023398e-02 9.995746e-01 -2.100314e-02 -1.738989e+00 3.744459e-02 2.175034e-02 9.990620e-01 6.613383e+01
9.988173e-01 2.215571e-02 -4.327913e-02 -3.922435e+01 -2.337440e-02 9.993386e-01 -2.785864e-02 -1.806783e+00 4.263328e-02 2.883732e-02 9.986745e-01 6.776551e+01
9.983642e-01 3.047234e-02 -4.837713e-02 -3.933594e+01 -3.175327e-02 9.991592e-01 -2.593382e-02 -1.873540e+00 4.754619e-02 2.742753e-02 9.984924e-01 6.939181e+01
9.979090e-01 3.375920e-02 -5.511861e-02 -3.943695e+01 -3.458690e-02 9.993018e-01 -1.413226e-02 -1.938095e+00 5.460303e-02 1.600909e-02 9.983798e-01 7.100187e+01
9.973479e-01 3.243310e-02 -6.515551e-02 -3.954817e+01 -3.311369e-02 9.994074e-01 -9.392827e-03 -1.985772e+00 6.481227e-02 1.152546e-02 9.978309e-01 7.259154e+01
9.966067e-01 3.028985e-02 -7.653593e-02 -3.966663e+01 -3.082887e-02 9.995074e-01 -5.870844e-03 -2.025658e+00 7.632040e-02 8.210438e-03 9.970495e-01 7.414763e+01
9.954732e-01 3.707581e-02 -8.751256e-02 -3.982215e+01 -3.811493e-02 9.992210e-01 -1.023251e-02 -2.064497e+00 8.706499e-02 1.352172e-02 9.961109e-01 7.569533e+01
9.945603e-01 3.690728e-02 -9.740434e-02 -4.000224e+01 -3.846012e-02 9.991605e-01 -1.411252e-02 -2.107116e+00 9.680171e-02 1.778194e-02 9.951448e-01 7.725583e+01
9.935445e-01 3.936823e-02 -1.063929e-01 -4.019450e+01 -4.009094e-02 9.991851e-01 -4.661869e-03 -2.144398e+00 1.061226e-01 8.897165e-03 9.943132e-01 7.880873e+01
9.923648e-01 3.627090e-02 -1.178837e-01 -4.039620e+01 -3.724630e-02 9.992876e-01 -6.081050e-03 -2.184532e+00 1.175791e-01 1.042535e-02 9.930088e-01 8.032445e+01
9.905586e-01 3.222459e-02 -1.332488e-01 -4.062262e+01 -3.450870e-02 9.992938e-01 -1.486732e-02 -2.219202e+00 1.326756e-01 1.932520e-02 9.909711e-01 8.182135e+01
9.877256e-01 3.091024e-02 -1.531100e-01 -4.087983e+01 -3.212311e-02 9.994690e-01 -5.453501e-03 -2.256214e+00 1.528601e-01 1.030493e-02 9.881941e-01 8.330939e+01
9.860729e-01 3.187986e-02 -1.632297e-01 -4.101823e+01 -3.186395e-02 9.994885e-01 2.716295e-03 -2.273002e+00 1.632328e-01 2.522678e-03 9.865844e-01 8.404948e+01
9.821758e-01 3.646349e-02 -1.843939e-01 -4.130725e+01 -3.665894e-02 9.993251e-01 2.350190e-03 -2.310966e+00 1.843552e-01 4.451385e-03 9.828496e-01 8.548932e+01
9.776505e-01 3.483603e-02 -2.073306e-01 -4.164079e+01 -3.798582e-02 9.992152e-01 -1.122927e-02 -2.340411e+00 2.067766e-01 1.885393e-02 9.782065e-01 8.692345e+01
9.728036e-01 3.382116e-02 -2.291492e-01 -4.200055e+01 -3.439512e-02 9.994072e-01 1.489907e-03 -2.366889e+00 2.290637e-01 6.432226e-03 9.733902e-01 8.837298e+01
9.671574e-01 3.235593e-02 -2.521103e-01 -4.240589e+01 -3.209570e-02 9.994715e-01 5.145501e-03 -2.394754e+00 2.521435e-01 3.115148e-03 9.676849e-01 8.982844e+01
9.622109e-01 2.792466e-02 -2.708698e-01 -4.284063e+01 -3.063377e-02 9.995140e-01 -5.777923e-03 -2.425073e+00 2.705768e-01 1.385735e-02 9.625987e-01 9.127214e+01
9.584591e-01 2.498507e-02 -2.841337e-01 -4.329249e+01 -2.997290e-02 9.994633e-01 -1.321962e-02 -2.461247e+00 2.836509e-01 2.118677e-02 9.586936e-01 9.271079e+01
9.540530e-01 3.031298e-02 -2.981007e-01 -4.377356e+01 -3.504486e-02 9.993302e-01 -1.053998e-02 -2.505359e+00 2.975815e-01 2.050260e-02 9.544763e-01 9.414931e+01
9.499821e-01 3.280801e-02 -3.105763e-01 -4.426540e+01 -3.301079e-02 9.994444e-01 4.604743e-03 -2.537276e+00 3.105548e-01 5.877947e-03 9.505373e-01 9.559106e+01
9.460139e-01 5.055678e-02 -3.201588e-01 -4.479724e+01 -5.026276e-02 9.986938e-01 9.187534e-03 -2.570219e+00 3.202051e-01 7.400530e-03 9.473193e-01 9.701828e+01
9.433753e-01 4.087502e-02 -3.291993e-01 -4.531498e+01 -4.521846e-02 9.989618e-01 -5.544967e-03 -2.592685e+00 3.286309e-01 2.011687e-02 9.442442e-01 9.844071e+01
9.408995e-01 4.749901e-02 -3.353385e-01 -4.586551e+01 -5.058531e-02 9.987197e-01 -4.696709e-04 -2.620678e+00 3.348868e-01 1.740511e-02 9.420976e-01 9.988338e+01
9.379030e-01 4.603713e-02 -3.438293e-01 -4.641244e+01 -4.816371e-02 9.988367e-01 2.357818e-03 -2.652749e+00 3.435378e-01 1.434869e-02 9.390292e-01 1.013268e+02
9.349961e-01 4.277503e-02 -3.520689e-01 -4.697055e+01 -4.953740e-02 9.987200e-01 -1.021674e-02 -2.678598e+00 3.511812e-01 2.699319e-02 9.359183e-01 1.027493e+02
9.322606e-01 4.636079e-02 -3.588047e-01 -4.754922e+01 -5.224712e-02 9.986116e-01 -6.720959e-03 -2.716535e+00 3.579950e-01 2.501220e-02 9.333884e-01 1.041822e+02
9.294312e-01 4.897665e-02 -3.657308e-01 -4.813457e+01 -5.402549e-02 9.985331e-01 -3.576843e-03 -2.753395e+00 3.650191e-01 2.308321e-02 9.307138e-01 1.056136e+02
9.267917e-01 4.506580e-02 -3.728623e-01 -4.872085e+01 -5.048499e-02 9.987134e-01 -4.777258e-03 -2.786116e+00 3.721673e-01 2.325147e-02 9.278744e-01 1.070350e+02
9.240653e-01 4.550342e-02 -3.795164e-01 -4.930515e+01 -5.056461e-02 9.987151e-01 -3.372872e-03 -2.817161e+00 3.788752e-01 2.230685e-02 9.251789e-01 1.084132e+02
9.212252e-01 4.352146e-02 -3.865876e-01 -4.990305e+01 -5.007263e-02 9.987218e-01 -6.886753e-03 -2.857595e+00 3.857937e-01 2.570171e-02 9.222270e-01 1.097881e+02
9.185727e-01 3.907807e-02 -3.933155e-01 -5.049471e+01 -4.829585e-02 9.987410e-01 -1.356260e-02 -2.899800e+00 3.922903e-01 3.145374e-02 9.193035e-01 1.111409e+02
9.164026e-01 4.342179e-02 -3.978955e-01 -5.109430e+01 -4.767462e-02 9.988626e-01 -7.960466e-04 -2.932562e+00 3.974083e-01 1.969901e-02 9.174304e-01 1.124909e+02
9.152156e-01 4.330304e-02 -4.006310e-01 -5.169631e+01 -4.124508e-02 9.990543e-01 1.376314e-02 -2.964886e+00 4.008480e-01 3.927816e-03 9.161361e-01 1.138114e+02
9.135394e-01 3.842539e-02 -4.049312e-01 -5.225767e+01 -3.762545e-02 9.992425e-01 9.937373e-03 -2.980342e+00 4.050062e-01 6.157534e-03 9.142932e-01 1.150527e+02
9.121283e-01 3.445396e-02 -4.084543e-01 -5.281184e+01 -3.512662e-02 9.993657e-01 5.856539e-03 -2.988815e+00 4.083970e-01 9.005702e-03 9.127600e-01 1.162442e+02
9.110864e-01 3.295534e-02 -4.108961e-01 -5.333548e+01 -3.315501e-02 9.994281e-01 6.642591e-03 -3.006450e+00 4.108800e-01 7.571287e-03 9.116580e-01 1.173691e+02
9.100966e-01 3.098983e-02 -4.132358e-01 -5.382912e+01 -2.988372e-02 9.995116e-01 9.141561e-03 -3.031222e+00 4.133172e-01 4.029317e-03 9.105782e-01 1.184221e+02
9.088917e-01 2.669482e-02 -4.161769e-01 -5.426763e+01 -2.635237e-02 9.996311e-01 6.568176e-03 -3.006460e+00 4.161988e-01 4.997489e-03 9.092599e-01 1.193971e+02
9.060701e-01 2.158268e-02 -4.225768e-01 -5.488745e+01 -2.492773e-02 9.996864e-01 -2.390954e-03 -3.043068e+00 4.223927e-01 1.270025e-02 9.063239e-01 1.206750e+02
8.995107e-01 2.184607e-02 -4.363522e-01 -5.544716e+01 -2.346117e-02 9.997233e-01 1.687744e-03 -3.066528e+00 4.362683e-01 8.719187e-03 8.997744e-01 1.217926e+02
8.907488e-01 3.336930e-02 -4.532694e-01 -5.595800e+01 -2.842249e-02 9.994389e-01 1.772297e-02 -3.085965e+00 4.536064e-01 -2.903669e-03 8.911974e-01 1.227433e+02
8.670771e-01 2.651133e-02 -4.974680e-01 -5.654130e+01 -1.735714e-02 9.995844e-01 2.301723e-02 -3.099987e+00 4.978714e-01 -1.132309e-02 8.671769e-01 1.237535e+02
8.093202e-01 2.296289e-02 -5.869186e-01 -5.724991e+01 -2.313243e-02 9.997064e-01 7.214970e-03 -3.103865e+00 5.869119e-01 7.737632e-03 8.096138e-01 1.246553e+02
7.287108e-01 2.735043e-02 -6.842752e-01 -5.799368e+01 -2.621259e-02 9.995839e-01 1.203852e-02 -3.086650e+00 6.843197e-01 9.164024e-03 7.291245e-01 1.254130e+02
6.156171e-01 4.627565e-02 -7.866856e-01 -5.886631e+01 -3.990487e-02 9.988242e-01 2.752704e-02 -3.061929e+00 7.870344e-01 1.444647e-02 6.167399e-01 1.260307e+02
5.019822e-01 4.117394e-02 -8.638973e-01 -5.964452e+01 -3.858818e-02 9.989377e-01 2.518774e-02 -3.041736e+00 8.640167e-01 2.069242e-02 5.030378e-01 1.264257e+02
3.428068e-01 3.304798e-02 -9.388244e-01 -6.070497e+01 -3.243760e-02 9.992015e-01 2.332892e-02 -3.002271e+00 9.388457e-01 2.245590e-02 3.436051e-01 1.267457e+02
1.459001e-01 3.244283e-02 -9.887672e-01 -6.206113e+01 -2.265452e-02 9.993096e-01 2.944590e-02 -2.946811e+00 9.890399e-01 1.810388e-02 1.465344e-01 1.269054e+02
-1.452844e-02 3.697011e-02 -9.992108e-01 -6.325048e+01 -9.106861e-03 9.992699e-01 3.710471e-02 -2.921802e+00 9.998530e-01 9.638748e-03 -1.418116e-02 1.268820e+02
-1.657701e-01 3.915975e-02 -9.853866e-01 -6.454280e+01 2.223846e-03 9.992236e-01 3.933552e-02 -2.863532e+00 9.861619e-01 4.329304e-03 -1.657284e-01 1.266455e+02
-3.025256e-01 4.330563e-02 -9.521569e-01 -6.588843e+01 1.889418e-02 9.990435e-01 3.943492e-02 -2.814535e+00 9.529540e-01 -6.060150e-03 -3.030544e-01 1.261681e+02
-3.775780e-01 4.484339e-02 -9.248913e-01 -6.682779e+01 2.381061e-02 9.989666e-01 3.871449e-02 -2.785173e+00 9.256716e-01 -7.404490e-03 -3.782555e-01 1.257465e+02
-4.303333e-01 4.397082e-02 -9.015985e-01 -6.779852e+01 2.339848e-02 9.990207e-01 3.755399e-02 -2.761802e+00 9.023668e-01 -4.935301e-03 -4.309407e-01 1.252465e+02
-4.622979e-01 4.227327e-02 -8.857165e-01 -6.885079e+01 2.153632e-02 9.991036e-01 3.644415e-02 -2.730276e+00 8.864631e-01 -2.227022e-03 -4.627938e-01 1.246606e+02
-4.829233e-01 4.424594e-02 -8.745441e-01 -6.996325e+01 2.405934e-02 9.990160e-01 3.725780e-02 -2.695124e+00 8.753321e-01 -3.048297e-03 -4.835126e-01 1.240253e+02
-4.962427e-01 4.572461e-02 -8.669789e-01 -7.112341e+01 2.496345e-02 9.989507e-01 3.839621e-02 -2.660678e+00 8.678249e-01 -2.588948e-03 -4.968634e-01 1.233390e+02
-5.050741e-01 4.591356e-02 -8.618539e-01 -7.235249e+01 2.478870e-02 9.989437e-01 3.868977e-02 -2.617601e+00 8.627200e-01 -1.823040e-03 -5.056787e-01 1.225977e+02
-5.091286e-01 4.760029e-02 -8.593732e-01 -7.362338e+01 2.688977e-02 9.988618e-01 3.939587e-02 -2.576826e+00 8.602703e-01 -3.050778e-03 -5.098291e-01 1.218303e+02
-5.089665e-01 4.737511e-02 -8.594817e-01 -7.496257e+01 2.756661e-02 9.988693e-01 3.873389e-02 -2.533812e+00 8.603448e-01 -3.978742e-03 -5.096969e-01 1.210257e+02
-5.084179e-01 4.621611e-02 -8.598694e-01 -7.634627e+01 2.881773e-02 9.989126e-01 3.665022e-02 -2.489622e+00 8.606281e-01 -6.145856e-03 -5.091968e-01 1.201935e+02
-5.079475e-01 4.838071e-02 -8.600283e-01 -7.778865e+01 2.781447e-02 9.988220e-01 3.976081e-02 -2.442310e+00 8.609388e-01 -3.724832e-03 -5.086948e-01 1.193292e+02
-5.075368e-01 4.984687e-02 -8.601870e-01 -7.927311e+01 2.784229e-02 9.987526e-01 4.144878e-02 -2.394880e+00 8.611802e-01 -2.912798e-03 -5.082915e-01 1.184339e+02
-5.071122e-01 4.756442e-02 -8.605666e-01 -8.080381e+01 2.971263e-02 9.988474e-01 3.769837e-02 -2.341599e+00 8.613677e-01 -6.452394e-03 -5.079410e-01 1.175211e+02
-5.064719e-01 4.937114e-02 -8.608419e-01 -8.237505e+01 3.486133e-02 9.987156e-01 3.676801e-02 -2.297254e+00 8.615515e-01 -1.138813e-02 -5.075425e-01 1.165800e+02
-5.066863e-01 4.376243e-02 -8.610191e-01 -8.397909e+01 3.545033e-02 9.989238e-01 2.991007e-02 -2.261213e+00 8.614014e-01 -1.536839e-02 -5.076924e-01 1.156095e+02
-5.056875e-01 3.768421e-02 -8.618933e-01 -8.564615e+01 3.115271e-02 9.991916e-01 2.540942e-02 -2.228258e+00 8.621541e-01 -1.400109e-02 -5.064527e-01 1.146107e+02
-5.037118e-01 4.046724e-02 -8.629234e-01 -8.734242e+01 2.907893e-02 9.991304e-01 2.988058e-02 -2.204326e+00 8.633822e-01 -1.004170e-02 -5.044505e-01 1.136030e+02
-5.020993e-01 4.284675e-02 -8.637479e-01 -8.820635e+01 2.988771e-02 9.990350e-01 3.218393e-02 -2.189359e+00 8.642933e-01 -9.655913e-03 -5.028954e-01 1.130969e+02
-5.006673e-01 4.604198e-02 -8.644145e-01 -8.992251e+01 3.177953e-02 9.988890e-01 3.479796e-02 -2.157100e+00 8.650563e-01 -1.004849e-02 -5.015742e-01 1.120911e+02
-4.992793e-01 4.566379e-02 -8.652370e-01 -9.163481e+01 3.000634e-02 9.989225e-01 3.540423e-02 -2.128941e+00 8.659214e-01 -8.285999e-03 -5.001115e-01 1.110808e+02
-4.978821e-01 4.723732e-02 -8.659573e-01 -9.335122e+01 2.918889e-02 9.988625e-01 3.770505e-02 -2.099210e+00 8.667533e-01 -6.503662e-03 -4.986946e-01 1.100761e+02
-4.963732e-01 4.826503e-02 -8.667665e-01 -9.422047e+01 2.983684e-02 9.988118e-01 3.853112e-02 -2.078927e+00 8.675964e-01 -6.735762e-03 -4.972234e-01 1.095703e+02
-4.956776e-01 4.738914e-02 -8.672128e-01 -9.594090e+01 3.052866e-02 9.988439e-01 3.713274e-02 -2.045614e+00 8.679699e-01 -8.068981e-03 -4.965513e-01 1.085631e+02
-4.959519e-01 4.723272e-02 -8.670645e-01 -9.766139e+01 3.164551e-02 9.988394e-01 3.631016e-02 -2.007524e+00 8.677732e-01 -9.430608e-03 -4.968709e-01 1.075687e+02
-4.962186e-01 4.542412e-02 -8.670085e-01 -9.938044e+01 3.037498e-02 9.989273e-01 3.495095e-02 -1.975955e+00 8.676661e-01 -8.992052e-03 -4.970660e-01 1.065770e+02
-4.954262e-01 4.352821e-02 -8.675587e-01 -1.010977e+02 2.905819e-02 9.990152e-01 3.352989e-02 -1.942389e+00 8.681639e-01 -8.598099e-03 -4.962031e-01 1.055821e+02
-4.929614e-01 4.138366e-02 -8.690664e-01 -1.027921e+02 2.481408e-02 9.991305e-01 3.350181e-02 -1.912356e+00 8.696973e-01 -5.049984e-03 -4.935597e-01 1.045925e+02
-4.888333e-01 3.769715e-02 -8.715623e-01 -1.045220e+02 2.261387e-02 9.992777e-01 3.053770e-02 -1.882503e+00 8.720840e-01 -4.781558e-03 -4.893328e-01 1.035973e+02
-4.844476e-01 4.048783e-02 -8.738829e-01 -1.062541e+02 2.483070e-02 9.991624e-01 3.252695e-02 -1.853388e+00 8.744678e-01 -5.941521e-03 -4.850472e-01 1.026220e+02
-4.804171e-01 5.317850e-02 -8.754265e-01 -1.079710e+02 3.040327e-02 9.985699e-01 4.397422e-02 -1.814159e+00 8.765130e-01 -5.489863e-03 -4.813469e-01 1.016641e+02
-4.779608e-01 5.080622e-02 -8.769106e-01 -1.096671e+02 3.072065e-02 9.986819e-01 4.111706e-02 -1.767976e+00 8.778438e-01 -7.286927e-03 -4.788916e-01 1.007118e+02
-4.762577e-01 4.617192e-02 -8.780927e-01 -1.113621e+02 3.057699e-02 9.988861e-01 3.593922e-02 -1.722446e+00 8.787739e-01 -9.733100e-03 -4.771390e-01 9.977158e+01
-4.747424e-01 5.028942e-02 -8.786869e-01 -1.130638e+02 3.068771e-02 9.987050e-01 4.057820e-02 -1.693465e+00 8.795897e-01 -7.700700e-03 -4.756708e-01 9.882193e+01
-4.744369e-01 4.787080e-02 -8.789869e-01 -1.147381e+02 3.159649e-02 9.988029e-01 3.734180e-02 -1.663993e+00 8.797223e-01 -1.005657e-02 -4.753815e-01 9.790830e+01
-4.741683e-01 5.231019e-02 -8.788789e-01 -1.164492e+02 3.142418e-02 9.986029e-01 4.248226e-02 -1.629106e+00 8.798733e-01 -7.474312e-03 -4.751496e-01 9.696485e+01
-4.734395e-01 5.654003e-02 -8.790098e-01 -1.181326e+02 3.402041e-02 9.983669e-01 4.589378e-02 -1.582903e+00 8.801691e-01 -8.176339e-03 -4.745898e-01 9.603406e+01
-4.730011e-01 5.427668e-02 -8.793884e-01 -1.197972e+02 3.557200e-02 9.984633e-01 4.249281e-02 -1.541880e+00 8.803435e-01 -1.118246e-02 -4.742050e-01 9.511087e+01
-4.705893e-01 5.056237e-02 -8.809025e-01 -1.214653e+02 3.089600e-02 9.986888e-01 4.081807e-02 -1.506530e+00 8.818113e-01 -8.007815e-03 -4.715345e-01 9.418670e+01
-4.677131e-01 4.863402e-02 -8.825413e-01 -1.231284e+02 2.724799e-02 9.988039e-01 4.060048e-02 -1.474695e+00 8.834602e-01 -5.058099e-03 -4.684789e-01 9.326754e+01
-4.649245e-01 4.896260e-02 -8.839954e-01 -1.247902e+02 2.680147e-02 9.987904e-01 4.122500e-02 -1.440243e+00 8.849446e-01 -4.525866e-03 -4.656743e-01 9.236902e+01
-4.625977e-01 4.631865e-02 -8.853575e-01 -1.264482e+02 2.611167e-02 9.989129e-01 3.861615e-02 -1.402107e+00 8.861837e-01 -5.254424e-03 -4.633043e-01 9.148435e+01
-4.600542e-01 4.949029e-02 -8.865105e-01 -1.281250e+02 3.057442e-02 9.987362e-01 3.988882e-02 -1.361923e+00 8.873643e-01 -8.753525e-03 -4.609859e-01 9.060093e+01
-4.575922e-01 4.705324e-02 -8.879163e-01 -1.297974e+02 3.014453e-02 9.988458e-01 3.739658e-02 -1.323502e+00 8.886510e-01 -9.653437e-03 -4.584825e-01 8.970986e+01
-4.547665e-01 4.240171e-02 -8.896008e-01 -1.314228e+02 3.175894e-02 9.990028e-01 3.138095e-02 -1.290535e+00 8.900442e-01 -1.398177e-02 -4.556597e-01 8.885625e+01
-4.525890e-01 4.265338e-02 -8.906986e-01 -1.330190e+02 2.819534e-02 9.990404e-01 3.351476e-02 -1.270446e+00 8.912733e-01 -9.945139e-03 -4.533573e-01 8.802407e+01
-4.515183e-01 4.170100e-02 -8.912869e-01 -1.345736e+02 2.817713e-02 9.990754e-01 3.246986e-02 -1.251028e+00 8.918168e-01 -1.045317e-02 -4.522758e-01 8.722180e+01
-4.500686e-01 4.116671e-02 -8.920446e-01 -1.360708e+02 2.773003e-02 9.990994e-01 3.211635e-02 -1.229187e+00 8.925634e-01 -1.028186e-02 -4.508048e-01 8.644453e+01
-4.488851e-01 4.069349e-02 -8.926624e-01 -1.375245e+02 2.658915e-02 9.991285e-01 3.217628e-02 -1.218596e+00 8.931938e-01 -9.291678e-03 -4.495759e-01 8.569265e+01
-4.480013e-01 4.348352e-02 -8.929748e-01 -1.389446e+02 2.738852e-02 9.990152e-01 3.490649e-02 -1.201470e+00 8.936133e-01 -8.819108e-03 -4.487510e-01 8.496731e+01
-4.469508e-01 4.783165e-02 -8.932788e-01 -1.403319e+02 2.897745e-02 9.988196e-01 3.898412e-02 -1.186053e+00 8.940891e-01 -8.460953e-03 -4.478093e-01 8.425955e+01
-4.465134e-01 5.112440e-02 -8.933152e-01 -1.416825e+02 3.279829e-02 9.986306e-01 4.075774e-02 -1.158492e+00 8.941756e-01 -1.110033e-02 -4.475787e-01 8.357022e+01
-4.467177e-01 5.164037e-02 -8.931834e-01 -1.429616e+02 3.341991e-02 9.985993e-01 4.102042e-02 -1.136597e+00 8.940505e-01 -1.152556e-02 -4.478178e-01 8.290918e+01
-4.465203e-01 5.213906e-02 -8.932531e-01 -1.435837e+02 3.512888e-02 9.985527e-01 4.072511e-02 -1.125178e+00 8.940837e-01 -1.319439e-02 -4.477056e-01 8.258870e+01
-4.478491e-01 5.170985e-02 -8.926126e-01 -1.441967e+02 3.720147e-02 9.985394e-01 3.918125e-02 -1.114471e+00 8.933349e-01 -1.565922e-02 -4.491186e-01 8.227740e+01
-4.569143e-01 5.267028e-02 -8.879500e-01 -1.453732e+02 4.330653e-02 9.983788e-01 3.693623e-02 -1.094567e+00 8.884559e-01 -2.157734e-02 -4.584546e-01 8.166047e+01
-4.748702e-01 5.534987e-02 -8.783136e-01 -1.464881e+02 4.880378e-02 9.981407e-01 3.651486e-02 -1.078255e+00 8.787016e-01 -2.552521e-02 -4.766885e-01 8.103314e+01
-4.998136e-01 5.853280e-02 -8.641529e-01 -1.475457e+02 5.412422e-02 9.978747e-01 3.628568e-02 -1.063958e+00 8.644402e-01 -2.863552e-02 -5.019194e-01 8.039143e+01
-5.346617e-01 6.282188e-02 -8.427279e-01 -1.485344e+02 6.254574e-02 9.974396e-01 3.467338e-02 -1.052097e+00 8.427485e-01 -3.417051e-02 -5.372220e-01 7.974485e+01
-5.794197e-01 6.428330e-02 -8.124903e-01 -1.494417e+02 6.212791e-02 9.974678e-01 3.461259e-02 -1.041222e+00 8.126580e-01 -3.042311e-02 -5.819463e-01 7.904647e+01
-6.307051e-01 6.312117e-02 -7.734513e-01 -1.502521e+02 5.658289e-02 9.977741e-01 3.528800e-02 -1.037752e+00 7.739571e-01 -2.150778e-02 -6.328727e-01 7.833360e+01
-6.892560e-01 6.463175e-02 -7.216293e-01 -1.509754e+02 5.592375e-02 9.977876e-01 3.595056e-02 -1.035344e+00 7.223563e-01 -1.557707e-02 -6.913455e-01 7.760256e+01
-7.837162e-01 4.534267e-02 -6.194619e-01 -1.518420e+02 3.468607e-02 9.989705e-01 2.923820e-02 -1.026301e+00 6.201498e-01 1.427750e-03 -7.844821e-01 7.645654e+01
-8.650406e-01 2.840120e-02 -5.008974e-01 -1.525075e+02 2.136175e-02 9.995760e-01 1.978524e-02 -1.029273e+00 5.012469e-01 6.414992e-03 -8.652805e-01 7.522703e+01
-9.105696e-01 2.853861e-02 -4.123696e-01 -1.528626e+02 2.171161e-02 9.995388e-01 2.123221e-02 -1.031685e+00 4.127853e-01 1.038019e-02 -9.107692e-01 7.435617e+01
-9.624533e-01 1.329777e-02 -2.711215e-01 -1.531736e+02 4.328357e-03 9.994242e-01 3.365380e-02 -1.033774e+00 2.714129e-01 3.121670e-02 -9.619566e-01 7.300349e+01
-9.925565e-01 2.594547e-02 -1.189891e-01 -1.533372e+02 2.284270e-02 9.993644e-01 2.736648e-02 -1.017434e+00 1.196235e-01 2.444475e-02 -9.925184e-01 7.164072e+01
-9.991254e-01 2.702837e-02 3.190501e-02 -1.532675e+02 2.767595e-02 9.994162e-01 2.003313e-02 -1.012220e+00 -3.134492e-02 2.089861e-02 -9.992901e-01 7.027406e+01
-9.909671e-01 3.417483e-02 1.296772e-01 -1.531366e+02 3.662116e-02 9.991926e-01 1.652673e-02 -1.000230e+00 -1.290076e-01 2.112637e-02 -9.914185e-01 6.934716e+01
-9.674102e-01 2.717297e-02 2.517519e-01 -1.527468e+02 3.444451e-02 9.991057e-01 2.452141e-02 -9.935747e-01 -2.508604e-01 3.239373e-02 -9.674811e-01 6.796510e+01
-9.414469e-01 2.757521e-02 3.360317e-01 -1.522410e+02 3.882194e-02 9.988868e-01 2.679594e-02 -9.819869e-01 -3.349187e-01 3.827236e-02 -9.414694e-01 6.660493e+01
-9.230992e-01 2.388715e-02 3.838194e-01 -1.516438e+02 3.574884e-02 9.990774e-01 2.379926e-02 -9.686264e-01 -3.828967e-01 3.569017e-02 -9.231015e-01 6.522834e+01
-9.152798e-01 2.294320e-02 4.021648e-01 -1.512257e+02 3.147296e-02 9.993978e-01 1.461386e-02 -9.766685e-01 -4.015874e-01 2.603309e-02 -9.154506e-01 6.434830e+01
-9.097407e-01 2.786739e-02 4.142404e-01 -1.507918e+02 3.383686e-02 9.994023e-01 7.078095e-03 -9.878454e-01 -4.137956e-01 2.045582e-02 -9.101399e-01 6.341318e+01
-9.063694e-01 3.135040e-02 4.213213e-01 -1.503271e+02 3.479003e-02 9.993945e-01 4.775498e-04 -1.015308e+00 -4.210512e-01 1.509062e-02 -9.069113e-01 6.246102e+01
-9.046155e-01 2.635067e-02 4.254133e-01 -1.498308e+02 2.687045e-02 9.996275e-01 -4.779887e-03 -1.044113e+00 -4.253808e-01 7.107087e-03 -9.049866e-01 6.145259e+01
-9.038981e-01 3.464572e-02 4.263424e-01 -1.493268e+02 3.495289e-02 9.993637e-01 -7.106543e-03 -1.081280e+00 -4.263174e-01 8.478308e-03 -9.045339e-01 6.037446e+01
-9.042557e-01 3.485832e-02 4.255662e-01 -1.487945e+02 3.176123e-02 9.993921e-01 -1.437347e-02 -1.140062e+00 -4.258085e-01 5.192135e-04 -9.048132e-01 5.925157e+01
-9.045489e-01 3.911457e-02 4.245719e-01 -1.482360e+02 3.032156e-02 9.991632e-01 -2.745001e-02 -1.191683e+00 -4.252904e-01 -1.195620e-02 -9.049780e-01 5.808712e+01
-9.049152e-01 3.935765e-02 4.237682e-01 -1.476445e+02 3.109005e-02 9.991677e-01 -2.640840e-02 -1.258240e+00 -4.244549e-01 -1.072238e-02 -9.053856e-01 5.683126e+01
-9.054595e-01 2.943082e-02 4.234110e-01 -1.470124e+02 2.178930e-02 9.995008e-01 -2.287800e-02 -1.331124e+00 -4.238730e-01 -1.148927e-02 -9.056487e-01 5.557409e+01
-9.054734e-01 2.679168e-02 4.235566e-01 -1.463680e+02 2.128923e-02 9.996163e-01 -1.771799e-02 -1.396923e+00 -4.238688e-01 -7.025980e-03 -9.056964e-01 5.422357e+01
-9.059675e-01 2.241498e-02 4.227534e-01 -1.456888e+02 1.996660e-02 9.997484e-01 -1.021930e-02 -1.465342e+00 -4.228761e-01 -8.174011e-04 -9.061871e-01 5.284449e+01
-9.057923e-01 2.183932e-02 4.231586e-01 -1.449794e+02 1.766900e-02 9.997490e-01 -1.377590e-02 -1.519147e+00 -4.233533e-01 -5.001319e-03 -9.059509e-01 5.138272e+01
-9.059891e-01 2.189878e-02 4.227341e-01 -1.442582e+02 2.215612e-02 9.997453e-01 -4.305291e-03 -1.575046e+00 -4.227207e-01 5.465602e-03 -9.062435e-01 4.989412e+01
-9.061361e-01 2.414567e-02 4.222967e-01 -1.435104e+02 2.724366e-02 9.996280e-01 1.301869e-03 -1.622908e+00 -4.221081e-01 1.268458e-02 -9.064567e-01 4.829716e+01
-9.060235e-01 3.147429e-02 4.220555e-01 -1.427700e+02 3.394001e-02 9.994225e-01 -1.671979e-03 -1.667979e+00 -4.218644e-01 1.280972e-02 -9.065684e-01 4.666924e+01
-9.070565e-01 2.958276e-02 4.199683e-01 -1.419890e+02 3.318984e-02 9.994483e-01 1.282518e-03 -1.712775e+00 -4.196987e-01 1.510200e-02 -9.075379e-01 4.502512e+01
-9.077965e-01 2.237523e-02 4.188137e-01 -1.412189e+02 3.105590e-02 9.994207e-01 1.392066e-02 -1.744528e+00 -4.182596e-01 2.564377e-02 -9.079655e-01 4.332732e+01
-9.086688e-01 2.363413e-02 4.168483e-01 -1.404336e+02 3.785942e-02 9.989476e-01 2.589051e-02 -1.764765e+00 -4.157977e-01 3.930754e-02 -9.086072e-01 4.164398e+01
-9.091727e-01 2.699672e-02 4.155432e-01 -1.396838e+02 4.741347e-02 9.981179e-01 3.889155e-02 -1.754464e+00 -4.137112e-01 5.506148e-02 -9.087416e-01 3.995244e+01
-9.096275e-01 2.477331e-02 4.146856e-01 -1.389206e+02 5.440218e-02 9.967275e-01 5.978862e-02 -1.725504e+00 -4.118474e-01 7.694516e-02 -9.079985e-01 3.825765e+01
-9.108134e-01 2.364313e-02 4.121408e-01 -1.381525e+02 5.363636e-02 9.966736e-01 6.135822e-02 -1.679273e+00 -4.093191e-01 7.799161e-02 -9.090518e-01 3.659624e+01
-9.116660e-01 2.850594e-02 4.099421e-01 -1.373869e+02 5.359402e-02 9.973184e-01 4.983716e-02 -1.607501e+00 -4.074221e-01 6.740528e-02 -9.107490e-01 3.491580e+01
-9.127232e-01 2.669820e-02 4.077053e-01 -1.366292e+02 5.377661e-02 9.970317e-01 5.509913e-02 -1.552999e+00 -4.050240e-01 7.221526e-02 -9.114497e-01 3.327188e+01
-9.146918e-01 2.294561e-02 4.035003e-01 -1.358761e+02 5.006217e-02 9.971306e-01 5.678233e-02 -1.488985e+00 -4.010396e-01 7.213843e-02 -9.132159e-01 3.161223e+01
-9.211653e-01 1.816663e-02 3.887473e-01 -1.351542e+02 4.415675e-02 9.973380e-01 5.802587e-02 -1.428056e+00 -3.866583e-01 7.061724e-02 -9.195154e-01 2.997397e+01
-9.307917e-01 2.089283e-02 3.649526e-01 -1.345147e+02 4.533376e-02 9.972558e-01 5.853029e-02 -1.354286e+00 -3.627283e-01 7.102418e-02 -9.291845e-01 2.829279e+01
-9.442961e-01 2.466057e-02 3.281716e-01 -1.338920e+02 4.887683e-02 9.966385e-01 6.574769e-02 -1.297990e+00 -3.254471e-01 7.812528e-02 -9.423272e-01 2.660492e+01
