1.000000e+00 1.972988e-07 2.600802e-08 -2.161979e-08 -1.972988e-07 1.000000e+00 3.911248e-08 3.131357e-09 -2.600801e-08 -3.911249e-08 1.000000e+00 1.191197e-09
9.999807e-01 4.902839e-04 -6.191173e-03 -1.205979e-02 -4.881778e-04 9.999998e-01 3.416896e-04 -1.571949e-03 6.191339e-03 -3.386606e-04 9.999808e-01 9.113878e-02
9.999153e-01 1.066422e-03 -1.296999e-02 -2.494321e-02 -1.063244e-03 9.999994e-01 2.519742e-04 -2.874219e-03 1.297025e-02 -2.381625e-04 9.999159e-01 1.848476e-01
9.997847e-01 1.405651e-03 -2.070302e-02 -3.483370e-02 -1.416931e-03 9.999989e-01 -5.301830e-04 -3.394585e-03 2.070226e-02 5.594037e-04 9.997855e-01 2.814117e-01
9.995521e-01 1.994407e-03 -2.985958e-02 -5.080556e-02 -2.053922e-03 9.999960e-01 -1.962595e-03 -4.227753e-03 2.985555e-02 2.023045e-03 9.995522e-01 3.835266e-01
9.991400e-01 2.074270e-03 -4.141108e-02 -6.839445e-02 -2.223829e-03 9.999912e-01 -3.565819e-03 -4.547812e-03 4.140332e-02 3.654844e-03 9.991358e-01 4.981242e-01
9.984867e-01 1.940157e-03 -5.495973e-02 -9.166721e-02 -2.189588e-03 9.999876e-01 -4.478559e-03 -5.658406e-03 5.495036e-02 4.592121e-03 9.984785e-01 6.236360e-01
9.974560e-01 1.800314e-03 -7.126202e-02 -1.194036e-01 -2.125209e-03 9.999877e-01 -4.483593e-03 -6.177422e-03 7.125308e-02 4.623634e-03 9.974476e-01 7.655224e-01
9.959534e-01 2.394173e-04 -8.987040e-02 -1.514171e-01 -6.507062e-04 9.999894e-01 -4.547195e-03 -7.689083e-03 8.986837e-02 4.587274e-03 9.959431e-01 9.175729e-01
9.938757e-01 -3.352408e-04 -1.105033e-01 -1.426179e-01 -1.531514e-04 9.999903e-01 -4.411193e-03 -1.739955e-02 1.105037e-01 4.401102e-03 9.938661e-01 1.009614e+00
9.911811e-01 -4.786861e-04 -1.325127e-01 -1.922989e-01 -1.581289e-04 9.999885e-01 -4.795130e-03 -2.174716e-02 1.325134e-01 4.773797e-03 9.911697e-01 1.175361e+00
9.876362e-01 3.746141e-03 -1.567186e-01 -2.333167e-01 -4.779279e-03 9.999693e-01 -6.216002e-03 -2.852431e-02 1.566905e-01 6.888152e-03 9.876238e-01 1.319373e+00
9.832167e-01 8.266462e-03 -1.822540e-01 -2.796586e-01 -9.838549e-03 9.999218e-01 -7.723342e-03 -3.440637e-02 1.821760e-01 9.386835e-03 9.832212e-01 1.461490e+00
9.779092e-01 9.771299e-03 -2.088018e-01 -3.855341e-01 -1.183225e-02 9.998929e-01 -8.623549e-03 -3.859420e-02 2.086950e-01 1.090365e-02 9.779200e-01 1.688097e+00
9.710401e-01 1.165378e-02 -2.386322e-01 -4.224312e-01 -1.412108e-02 9.998631e-01 -8.632309e-03 -4.661269e-02 2.384989e-01 1.175207e-02 9.710717e-01 1.819887e+00
9.628508e-01 1.215141e-02 -2.697602e-01 -4.797722e-01 -1.475572e-02 9.998620e-01 -7.628344e-03 -5.105590e-02 2.696303e-01 1.132546e-02 9.628974e-01 1.965980e+00
9.533620e-01 1.412137e-02 -3.014987e-01 -5.714329e-01 -1.686855e-02 9.998364e-01 -6.510012e-03 -5.533924e-02 3.013575e-01 1.129224e-02 9.534444e-01 2.150155e+00
9.419952e-01 1.622420e-02 -3.352341e-01 -6.684574e-01 -1.914706e-02 9.998020e-01 -5.415470e-03 -5.764842e-02 3.350799e-01 1.152009e-02 9.421193e-01 2.334775e+00
9.294544e-01 1.850153e-02 -3.684729e-01 -7.780733e-01 -2.187406e-02 9.997483e-01 -4.977472e-03 -6.012789e-02 3.682881e-01 1.268633e-02 9.296251e-01 2.519488e+00
9.155619e-01 2.101084e-02 -4.016279e-01 -8.998886e-01 -2.489212e-02 9.996802e-01 -4.447285e-03 -5.790775e-02 4.014060e-01 1.406913e-02 9.157922e-01 2.707033e+00
8.997820e-01 2.156039e-02 -4.358066e-01 -1.053290e+00 -2.592049e-02 9.996558e-01 -4.061041e-03 -5.245401e-02 4.355691e-01 1.495039e-02 9.000310e-01 2.950928e+00
8.811694e-01 1.668643e-02 -4.725060e-01 -1.181815e+00 -2.152889e-02 9.997565e-01 -4.842783e-03 -5.222432e-02 4.723102e-01 1.443985e-02 8.813140e-01 3.140010e+00
8.598634e-01 1.165164e-02 -5.103911e-01 -1.321475e+00 -1.673281e-02 9.998456e-01 -5.364711e-03 -5.469784e-02 5.102498e-01 1.315321e-02 8.599256e-01 3.325567e+00
8.346660e-01 1.281607e-02 -5.506073e-01 -1.484234e+00 -1.690508e-02 9.998544e-01 -2.353572e-03 -5.896535e-02 5.504969e-01 1.127252e-02 8.347610e-01 3.511788e+00
8.074042e-01 2.076412e-02 -5.896334e-01 -1.725715e+00 -2.484389e-02 9.996907e-01 1.184872e-03 -4.966811e-02 5.894754e-01 1.369212e-02 8.076702e-01 3.751317e+00
7.746232e-01 2.349759e-02 -6.319864e-01 -1.919114e+00 -2.777808e-02 9.996093e-01 3.118517e-03 -5.327240e-02 6.318126e-01 1.513970e-02 7.749733e-01 3.920875e+00
7.385495e-01 2.271772e-02 -6.738165e-01 -2.117913e+00 -2.718726e-02 9.996228e-01 3.903169e-03 -5.403553e-02 6.736508e-01 1.543655e-02 7.388884e-01 4.077612e+00
6.993182e-01 1.712486e-02 -7.146055e-01 -2.323707e+00 -1.954562e-02 9.997973e-01 4.831727e-03 -6.498332e-02 7.145434e-01 1.058849e-02 6.995112e-01 4.222663e+00
6.564069e-01 1.341839e-02 -7.542877e-01 -2.559985e+00 -1.421003e-02 9.998843e-01 5.421373e-03 -6.351151e-02 7.542732e-01 7.159821e-03 6.565217e-01 4.381845e+00
6.127085e-01 1.411262e-02 -7.901830e-01 -2.825904e+00 -1.223947e-02 9.998900e-01 8.367489e-03 -5.921930e-02 7.902144e-01 4.544589e-03 6.128140e-01 4.528089e+00
5.657079e-01 1.594727e-02 -8.244515e-01 -3.111435e+00 -1.026712e-02 9.998718e-01 1.229549e-02 -5.271223e-02 8.245419e-01 1.509087e-03 5.657991e-01 4.664609e+00
5.145712e-01 1.656926e-02 -8.572876e-01 -3.405138e+00 -8.839956e-03 9.998627e-01 1.401886e-02 -4.681730e-02 8.574021e-01 3.646830e-04 5.146470e-01 4.787693e+00
4.633022e-01 1.963251e-02 -8.859829e-01 -3.625208e+00 -8.399805e-03 9.998070e-01 1.776227e-02 -5.106923e-02 8.861606e-01 -7.872105e-04 4.633775e-01 4.874090e+00
4.087526e-01 2.174012e-02 -9.123862e-01 -3.950144e+00 -7.217780e-03 9.997620e-01 2.058849e-02 -4.502845e-02 9.126167e-01 -1.830193e-03 4.088122e-01 4.972563e+00
3.537445e-01 2.393179e-02 -9.350358e-01 -4.232368e+00 -6.581462e-03 9.997116e-01 2.309722e-02 -4.664661e-02 9.353189e-01 -2.016608e-03 3.537999e-01 5.040024e+00
3.003664e-01 2.837668e-02 -9.534017e-01 -4.574941e+00 -4.243191e-03 9.995873e-01 2.841454e-02 -4.391575e-02 9.538145e-01 -4.489304e-03 3.003628e-01 5.105436e+00
2.467596e-01 3.025449e-02 -9.686043e-01 -4.935865e+00 2.512683e-04 9.995105e-01 3.128387e-02 -4.131589e-02 9.690767e-01 -7.962972e-03 2.466312e-01 5.163813e+00
1.960156e-01 3.071410e-02 -9.801196e-01 -5.314884e+00 2.963982e-03 9.994862e-01 3.191378e-02 -3.653297e-02 9.805963e-01 -9.160652e-03 1.958238e-01 5.204550e+00
1.501736e-01 3.318182e-02 -9.881027e-01 -5.727123e+00 1.979182e-03 9.994246e-01 3.386282e-02 -3.037727e-02 9.886577e-01 -7.040936e-03 1.500215e-01 5.222762e+00
1.076691e-01 3.351326e-02 -9.936218e-01 -6.144326e+00 4.024084e-04 9.994302e-01 3.375277e-02 -1.819201e-02 9.941867e-01 -4.033973e-03 1.075942e-01 5.232689e+00
6.988162e-02 3.212811e-02 -9.970378e-01 -6.594824e+00 -1.145283e-03 9.994831e-01 3.212663e-02 -7.196152e-03 9.975546e-01 -1.103171e-03 6.988226e-02 5.227282e+00
3.688610e-02 3.074738e-02 -9.988462e-01 -7.058619e+00 5.303987e-04 9.995258e-01 3.078788e-02 2.849446e-03 9.993192e-01 -1.665432e-03 3.685229e-02 5.214072e+00
5.416940e-03 2.803471e-02 -9.995921e-01 -7.537321e+00 1.062222e-03 9.996063e-01 2.804085e-02 1.088151e-02 9.999847e-01 -1.213685e-03 5.385023e-03 5.192965e+00
-2.115246e-02 2.620194e-02 -9.994328e-01 -8.032165e+00 1.037921e-03 9.996566e-01 2.618584e-02 1.908952e-02 9.997756e-01 -4.834376e-04 -2.117239e-02 5.157005e+00
-4.019029e-02 2.497410e-02 -9.988798e-01 -8.541120e+00 3.232198e-04 9.996878e-01 2.498130e-02 3.330316e-02 9.991920e-01 6.811466e-04 -4.018583e-02 5.110584e+00
-5.649447e-02 2.412579e-02 -9.981114e-01 -9.063463e+00 9.387107e-04 9.997088e-01 2.411127e-02 4.771873e-02 9.984024e-01 4.252146e-04 -5.650067e-02 5.066951e+00
-6.804969e-02 2.583382e-02 -9.973474e-01 -9.617746e+00 2.693261e-03 9.996658e-01 2.571011e-02 5.913613e-02 9.976783e-01 -9.365526e-04 -6.809652e-02 5.012492e+00
-7.768808e-02 2.701837e-02 -9.966116e-01 -1.017638e+01 1.760319e-03 9.996348e-01 2.696312e-02 6.541847e-02 9.969762e-01 3.403583e-04 -7.770729e-02 4.955742e+00
-8.305857e-02 2.985966e-02 -9.960973e-01 -1.075223e+01 7.899941e-04 9.995527e-01 2.989737e-02 6.740099e-02 9.965445e-01 1.696323e-03 -8.304501e-02 4.891902e+00
-8.755628e-02 3.082082e-02 -9.956827e-01 -1.134666e+01 1.170982e-03 9.995238e-01 3.083675e-02 8.120423e-02 9.961590e-01 1.534023e-03 -8.755065e-02 4.830533e+00
-8.789488e-02 3.264821e-02 -9.955946e-01 -1.197297e+01 4.364127e-03 9.994658e-01 3.238987e-02 9.950475e-02 9.961203e-01 -1.497997e-03 -8.799049e-02 4.782276e+00
-8.718304e-02 3.487653e-02 -9.955817e-01 -1.259982e+01 6.943049e-03 9.993840e-01 3.440173e-02 1.153606e-01 9.961681e-01 -3.913124e-03 -8.737155e-02 4.731175e+00
-8.416526e-02 3.834720e-02 -9.957137e-01 -1.324946e+01 7.327277e-03 9.992559e-01 3.786424e-02 1.359856e-01 9.964249e-01 -4.109013e-03 -8.438368e-02 4.663830e+00
-8.252149e-02 3.824882e-02 -9.958550e-01 -1.391009e+01 5.658759e-03 9.992650e-01 3.791087e-02 1.551093e-01 9.965732e-01 -2.506841e-03 -8.267730e-02 4.598363e+00
-7.996497e-02 3.698659e-02 -9.961112e-01 -1.457485e+01 4.364562e-03 9.993148e-01 3.675517e-02 1.696823e-01 9.967882e-01 -1.408463e-03 -8.007162e-02 4.546069e+00
-7.881384e-02 3.686913e-02 -9.962073e-01 -1.525579e+01 4.397457e-03 9.993191e-01 3.663639e-02 1.929657e-01 9.968796e-01 -1.493325e-03 -7.892230e-02 4.492166e+00
-7.578801e-02 4.057307e-02 -9.962983e-01 -1.596410e+01 5.666769e-03 9.991733e-01 4.025910e-02 2.203714e-01 9.971078e-01 -2.594637e-03 -7.595527e-02 4.430889e+00
-7.397197e-02 4.408638e-02 -9.962855e-01 -1.668464e+01 4.937614e-03 9.990264e-01 4.384107e-02 2.434767e-01 9.972481e-01 -1.676264e-03 -7.411763e-02 4.371650e+00
-7.132174e-02 4.744701e-02 -9.963242e-01 -1.740793e+01 4.658196e-03 9.988728e-01 4.723494e-02 2.571954e-01 9.974426e-01 -1.272194e-03 -7.146235e-02 4.323357e+00
-6.948431e-02 4.670967e-02 -9.964889e-01 -1.816036e+01 3.266485e-03 9.989084e-01 4.659533e-02 2.869201e-01 9.975777e-01 -1.737048e-05 -6.956103e-02 4.258363e+00
-6.684446e-02 4.461556e-02 -9.967653e-01 -1.892469e+01 1.955062e-03 9.990037e-01 4.458465e-02 3.185688e-01 9.977615e-01 1.031499e-03 -6.686509e-02 4.198832e+00
-6.523242e-02 4.396969e-02 -9.969008e-01 -1.970385e+01 1.273310e-03 9.990315e-01 4.398036e-02 3.476409e-01 9.978692e-01 1.599580e-03 -6.522524e-02 4.135231e+00
-6.286561e-02 4.712325e-02 -9.969089e-01 -2.050058e+01 4.849075e-03 9.988873e-01 4.691099e-02 3.784479e-01 9.980103e-01 -1.884998e-03 -6.302417e-02 4.085155e+00
-6.172893e-02 4.921233e-02 -9.968790e-01 -2.129971e+01 7.146249e-03 9.987798e-01 4.886367e-02 4.049245e-01 9.980674e-01 -4.107642e-03 -6.200529e-02 4.032547e+00
-5.982337e-02 5.153067e-02 -9.968780e-01 -2.210221e+01 8.909044e-03 9.986544e-01 5.108786e-02 4.360568e-01 9.981693e-01 -5.824981e-03 -6.020196e-02 3.981361e+00
-5.912724e-02 4.679986e-02 -9.971529e-01 -2.290508e+01 9.242545e-03 9.988833e-01 4.633302e-02 4.638426e-01 9.982077e-01 -6.476686e-03 -5.949376e-02 3.925895e+00
-5.849345e-02 4.013320e-02 -9.974808e-01 -2.371356e+01 1.167104e-02 9.991507e-01 3.951599e-02 4.926860e-01 9.982195e-01 -9.330210e-03 -5.891217e-02 3.877199e+00
-5.840749e-02 3.540727e-02 -9.976648e-01 -2.453291e+01 1.495053e-02 9.992898e-01 3.458969e-02 5.207439e-01 9.981808e-01 -1.289532e-02 -5.889536e-02 3.822960e+00
-7.807104e-02 1.464116e-02 -9.968404e-01 -2.486413e+01 1.597475e-02 9.997821e-01 1.343326e-02 5.713883e-01 9.968198e-01 -1.487552e-02 -7.828792e-02 4.162010e+00
-7.815426e-02 2.209405e-02 -9.966964e-01 -2.570186e+01 1.568576e-02 9.996579e-01 2.092972e-02 5.728537e-01 9.968179e-01 -1.399819e-02 -7.847408e-02 4.090140e+00
-1.206140e-01 -4.827803e-03 -9.926877e-01 -2.591088e+01 1.827856e-02 9.998079e-01 -7.083314e-03 6.670931e-01 9.925313e-01 -1.899925e-02 -1.205026e-01 4.604489e+00
-1.209999e-01 4.074025e-04 -9.926524e-01 -2.675099e+01 1.641034e-02 9.998642e-01 -1.589987e-03 6.455704e-01 9.925169e-01 -1.648215e-02 -1.209902e-01 4.494891e+00
-2.401976e-01 -6.325498e-02 -9.686609e-01 -2.655589e+01 2.589879e-02 9.971018e-01 -7.153430e-02 8.057262e-01 9.703785e-01 -4.226951e-02 -2.378632e-01 5.331749e+00
-2.407535e-01 -6.655570e-02 -9.683017e-01 -2.735807e+01 2.601373e-02 9.968452e-01 -7.498555e-02 7.280493e-01 9.702376e-01 -4.324217e-02 -2.382626e-01 5.130861e+00
-3.873121e-01 -1.312719e-01 -9.125553e-01 -2.712731e+01 2.300593e-02 9.881270e-01 -1.519073e-01 8.300604e-01 9.216616e-01 -7.982971e-02 -3.796935e-01 5.853631e+00
-3.872056e-01 -1.305300e-01 -9.127068e-01 -2.788824e+01 2.138486e-02 9.883900e-01 -1.504261e-01 6.866638e-01 9.217454e-01 -7.776392e-02 -3.799188e-01 5.527938e+00
-5.427844e-01 -1.823308e-01 -8.198418e-01 -2.761471e+01 2.174538e-03 9.758425e-01 -2.184646e-01 7.278680e-01 8.398693e-01 -1.203620e-01 -5.292755e-01 6.118401e+00
-5.427118e-01 -1.838821e-01 -8.195433e-01 -2.829446e+01 1.472529e-03 9.755312e-01 -2.198564e-01 5.226096e-01 8.399177e-01 -1.205255e-01 -5.291614e-01 5.674864e+00
-6.876389e-01 -2.268346e-01 -6.897093e-01 -2.792064e+01 -3.296279e-02 9.587174e-01 -2.824434e-01 5.119689e-01 7.253042e-01 -1.714843e-01 -6.667286e-01 6.154939e+00
-6.873064e-01 -2.303659e-01 -6.888696e-01 -2.848778e+01 -3.407671e-02 9.575580e-01 -2.862190e-01 2.616241e-01 7.255677e-01 -1.732457e-01 -6.659861e-01 5.597415e+00
-8.048977e-01 -2.495023e-01 -5.384126e-01 -2.800562e+01 -7.563862e-02 9.430502e-01 -3.239370e-01 1.982050e-01 5.885732e-01 -2.200114e-01 -7.779308e-01 5.963967e+00
-8.048889e-01 -2.471188e-01 -5.395239e-01 -2.844561e+01 -7.417607e-02 9.439345e-01 -3.216919e-01 -8.737836e-02 5.887713e-01 -2.189065e-01 -7.780927e-01 5.311507e+00
-8.884008e-01 -2.491070e-01 -3.856031e-01 -2.786153e+01 -1.171570e-01 9.351834e-01 -3.342252e-01 -1.748696e-01 4.438674e-01 -2.517498e-01 -8.600022e-01 5.615800e+00
-8.884367e-01 -2.459873e-01 -3.875184e-01 -2.817999e+01 -1.159517e-01 9.371650e-01 -3.290549e-01 -4.711778e-01 4.441119e-01 -2.474111e-01 -8.611344e-01 4.888572e+00
-9.383501e-01 -2.396334e-01 -2.491482e-01 -2.747152e+01 -1.523002e-01 9.335975e-01 -3.243462e-01 -5.613668e-01 3.103283e-01 -2.664050e-01 -9.125375e-01 5.125986e+00
-9.383828e-01 -2.392341e-01 -2.494086e-01 -2.766824e+01 -1.517604e-01 9.336170e-01 -3.245426e-01 -8.487095e-01 3.104938e-01 -2.666949e-01 -9.123965e-01 4.361924e+00
-9.634755e-01 -2.280189e-01 -1.404357e-01 -2.686194e+01 -1.754626e-01 9.336769e-01 -3.121863e-01 -9.293074e-01 2.023059e-01 -2.761426e-01 -9.395837e-01 4.578770e+00
-9.631994e-01 -2.296077e-01 -1.397399e-01 -2.696603e+01 -1.763359e-01 9.321622e-01 -3.161951e-01 -1.202730e+00 2.028610e-01 -2.799177e-01 -9.383461e-01 3.804965e+00
-9.730851e-01 -2.187157e-01 -7.258781e-02 -2.607591e+01 -1.890475e-01 9.377660e-01 -2.913007e-01 -1.276013e+00 1.317824e-01 -2.697378e-01 -9.538736e-01 4.003217e+00
-9.724412e-01 -2.218032e-01 -7.184368e-02 -2.611760e+01 -1.920223e-01 9.367038e-01 -2.927687e-01 -1.530165e+00 1.322333e-01 -2.709047e-01 -9.534804e-01 3.200456e+00
-9.777810e-01 -2.038577e-01 -4.885018e-02 -2.520106e+01 -1.846829e-01 9.479597e-01 -2.593542e-01 -1.589633e+00 9.917936e-02 -2.445698e-01 -9.645460e-01 3.412007e+00
-9.785662e-01 -2.005356e-01 -4.683677e-02 -2.523278e+01 -1.815847e-01 9.475332e-01 -2.630738e-01 -1.817664e+00 9.713504e-02 -2.489303e-01 -9.636382e-01 2.608826e+00
-9.812775e-01 -1.798122e-01 -6.900979e-02 -2.431157e+01 -1.604255e-01 9.613526e-01 -2.237518e-01 -1.842322e+00 1.065760e-01 -2.084916e-01 -9.722000e-01 2.833104e+00
-9.814566e-01 -1.793312e-01 -6.770147e-02 -2.435910e+01 -1.606032e-01 9.621230e-01 -2.202864e-01 -2.036615e+00 1.046413e-01 -2.053284e-01 -9.730830e-01 2.027785e+00
-9.788047e-01 -1.560263e-01 -1.326547e-01 -2.346575e+01 -1.329656e-01 9.768109e-01 -1.678108e-01 -2.029769e+00 1.557615e-01 -1.466155e-01 -9.768534e-01 2.269326e+00
-9.793463e-01 -1.537701e-01 -1.312845e-01 -2.356764e+01 -1.314920e-01 9.776278e-01 -1.641760e-01 -2.182458e+00 1.535927e-01 -1.435223e-01 -9.776557e-01 1.469763e+00
-9.642807e-01 -1.274505e-01 -2.322052e-01 -2.273554e+01 -1.030811e-01 9.880879e-01 -1.142658e-01 -2.137254e+00 2.440024e-01 -8.624834e-02 -9.659316e-01 1.711536e+00
-9.640723e-01 -1.315497e-01 -2.307798e-01 -2.290708e+01 -1.064988e-01 9.872996e-01 -1.178887e-01 -2.245947e+00 2.433571e-01 -8.907547e-02 -9.658378e-01 9.324473e-01
-9.275742e-01 -1.025900e-01 -3.592787e-01 -2.215368e+01 -8.391375e-02 9.942015e-01 -6.724285e-02 -2.160431e+00 3.640939e-01 -3.222430e-02 -9.308047e-01 1.205008e+00
-9.275496e-01 -1.070587e-01 -3.580367e-01 -2.242468e+01 -8.826767e-02 9.937404e-01 -6.847333e-02 -2.225096e+00 3.631262e-01 -3.190934e-02 -9.311935e-01 4.557049e-01
-8.631778e-01 -6.521670e-02 -5.006702e-01 -2.178330e+01 -6.790149e-02 9.976089e-01 -1.288209e-02 -2.103619e+00 5.003130e-01 2.287672e-02 -8.655423e-01 7.604270e-01
-8.636977e-01 -6.433731e-02 -4.998868e-01 -2.217303e+01 -6.768683e-02 9.976409e-01 -1.145170e-02 -2.127629e+00 4.994442e-01 2.394495e-02 -8.660151e-01 7.215234e-02
-7.689654e-01 -1.776928e-02 -6.390435e-01 -2.163838e+01 -5.618224e-02 9.976244e-01 3.986448e-02 -1.973170e+00 6.368170e-01 6.655730e-02 -7.681369e-01 4.434780e-01
-7.693320e-01 -1.866942e-02 -6.385765e-01 -2.213340e+01 -5.717134e-02 9.975743e-01 3.971272e-02 -1.957619e+00 6.362860e-01 6.706054e-02 -7.685331e-01 -1.644074e-01
-6.492752e-01 3.260606e-02 -7.598544e-01 -2.169647e+01 -4.984334e-02 9.951086e-01 8.529083e-02 -1.761426e+00 7.589187e-01 9.325090e-02 -6.444741e-01 2.887548e-01
-6.494840e-01 3.516166e-02 -7.595620e-01 -2.228292e+01 -4.908414e-02 9.949080e-01 8.802704e-02 -1.708576e+00 7.587894e-01 9.445459e-02 -6.444509e-01 -2.156739e-01
-5.152317e-01 8.133366e-02 -8.531829e-01 -2.193023e+01 -4.983500e-02 9.909594e-01 1.245629e-01 -1.483276e+00 8.556008e-01 1.066971e-01 -5.065206e-01 3.134938e-01
-5.158770e-01 8.310354e-02 -8.526222e-01 -2.258050e+01 -4.960639e-02 9.907156e-01 1.265775e-01 -1.404249e+00 8.552252e-01 1.075939e-01 -5.069650e-01 -7.748742e-02
-3.836855e-01 1.140026e-01 -9.163999e-01 -2.227888e+01 -5.254659e-02 9.880477e-01 1.449163e-01 -1.158669e+00 9.219676e-01 1.037560e-01 -3.731091e-01 5.624086e-01
-3.839463e-01 1.122778e-01 -9.165036e-01 -2.296961e+01 -5.158038e-02 9.884216e-01 1.426964e-01 -1.063530e+00 9.219136e-01 1.020614e-01 -3.737094e-01 2.719716e-01
-2.665330e-01 1.235558e-01 -9.558735e-01 -2.269009e+01 -5.327178e-02 9.883447e-01 1.426072e-01 -8.093031e-01 9.623524e-01 8.893061e-02 -2.568443e-01 1.003749e+00
-2.663836e-01 1.206743e-01 -9.562831e-01 -2.339168e+01 -5.352169e-02 9.887491e-01 1.396803e-01 -7.186469e-01 9.623799e-01 8.839044e-02 -2.569278e-01 8.058520e-01
-1.730152e-01 1.160888e-01 -9.780539e-01 -2.310022e+01 -5.257179e-02 9.905253e-01 1.268689e-01 -4.687511e-01 9.835152e-01 7.336828e-02 -1.652729e-01 1.618710e+00
-1.710852e-01 1.151396e-01 -9.785054e-01 -2.378876e+01 -5.506518e-02 9.904783e-01 1.261762e-01 -3.935597e-01 9.837163e-01 7.546845e-02 -1.631160e-01 1.495359e+00
-1.059361e-01 9.860832e-02 -9.894716e-01 -2.347159e+01 -4.967080e-02 9.933038e-01 1.043082e-01 -1.577167e-01 9.931316e-01 6.019784e-02 -1.003288e-01 2.365386e+00
-1.001842e-01 1.000208e-01 -9.899287e-01 -2.414193e+01 -4.937329e-02 9.932089e-01 1.053490e-01 -9.964550e-02 9.937431e-01 5.943034e-02 -9.456552e-02 2.298032e+00
-6.599975e-02 7.102450e-02 -9.952886e-01 -2.378481e+01 -3.900679e-02 9.965174e-01 7.369880e-02 1.146257e-01 9.970568e-01 4.368712e-02 -6.299946e-02 3.212400e+00
-5.727964e-02 7.230029e-02 -9.957368e-01 -2.442546e+01 -4.045275e-02 9.963871e-01 7.467453e-02 1.468956e-01 9.975383e-01 4.455763e-02 -5.414796e-02 3.171979e+00
-4.873117e-02 4.872203e-02 -9.976229e-01 -2.453438e+01 -2.612226e-02 9.984057e-01 5.003627e-02 3.295406e-01 9.984704e-01 2.849849e-02 -4.738075e-02 3.724023e+00
-3.405412e-02 5.016524e-02 -9.981601e-01 -2.513710e+01 -2.947747e-02 9.982545e-01 5.117566e-02 3.476084e-01 9.989852e-01 3.116597e-02 -3.251594e-02 3.703728e+00
-2.993569e-02 3.082021e-02 -9.990766e-01 -2.549567e+01 -1.958243e-02 9.993145e-01 3.141432e-02 4.515500e-01 9.993599e-01 2.050476e-02 -2.931163e-02 3.995251e+00
-8.169061e-03 3.163837e-02 -9.994660e-01 -2.605944e+01 -2.044754e-02 9.992850e-01 3.179977e-02 4.552383e-01 9.997575e-01 2.069640e-02 -7.516291e-03 4.006234e+00
1.760675e-02 3.239564e-02 -9.993201e-01 -2.653182e+01 -2.430399e-02 9.991934e-01 3.196333e-02 4.326357e-01 9.995496e-01 2.372469e-02 1.837990e-02 4.067074e+00
4.655616e-02 3.195150e-02 -9.984046e-01 -2.705285e+01 -2.268077e-02 9.992644e-01 3.092140e-02 4.369177e-01 9.986582e-01 2.120500e-02 4.724660e-02 4.116520e+00
8.003226e-02 2.976046e-02 -9.963480e-01 -2.754638e+01 -2.388521e-02 9.993245e-01 2.793080e-02 4.276082e-01 9.965061e-01 2.156261e-02 8.068902e-02 4.173031e+00
1.172151e-01 3.002852e-02 -9.926525e-01 -2.802675e+01 -2.303520e-02 9.993561e-01 2.751126e-02 4.302731e-01 9.928394e-01 1.964121e-02 1.178314e-01 4.266048e+00
1.578203e-01 2.983316e-02 -9.870171e-01 -2.848887e+01 -2.249382e-02 9.993928e-01 2.661056e-02 4.297511e-01 9.872116e-01 1.800210e-02 1.583956e-01 4.369168e+00
2.030157e-01 2.933438e-02 -9.787360e-01 -2.894172e+01 -2.321319e-02 9.994144e-01 2.513909e-02 4.136110e-01 9.789002e-01 1.761596e-02 2.035777e-01 4.499736e+00
2.513915e-01 2.814984e-02 -9.674761e-01 -2.938262e+01 -1.934668e-02 9.995234e-01 2.405518e-02 4.089351e-01 9.676921e-01 1.267018e-02 2.518163e-01 4.648424e+00
3.019669e-01 2.315260e-02 -9.530373e-01 -2.980142e+01 -1.122064e-02 9.997220e-01 2.073150e-02 4.054864e-01 9.532523e-01 4.433464e-03 3.021427e-01 4.819221e+00
3.540899e-01 1.669058e-02 -9.350624e-01 -3.019753e+01 -7.009122e-03 9.998600e-01 1.519296e-02 3.909640e-01 9.351850e-01 1.174280e-03 3.541575e-01 5.001392e+00
4.072758e-01 1.197899e-02 -9.132267e-01 -3.060124e+01 -1.166862e-03 9.999200e-01 1.259577e-02 3.904793e-01 9.133045e-01 -4.064352e-03 4.072572e-01 5.212444e+00
4.588341e-01 1.040008e-02 -8.884610e-01 -3.096495e+01 -2.385265e-03 9.999423e-01 1.047321e-02 3.838553e-01 8.885186e-01 -2.686268e-03 4.588326e-01 5.435250e+00
5.075304e-01 9.157461e-03 -8.615852e-01 -3.134116e+01 -2.129442e-04 9.999448e-01 1.050259e-02 3.836980e-01 8.616338e-01 -5.146930e-03 5.075044e-01 5.688690e+00
5.527544e-01 5.019718e-03 -8.333291e-01 -3.168684e+01 8.118316e-03 9.999020e-01 1.140806e-02 3.794970e-01 8.333046e-01 -1.307109e-02 5.526596e-01 5.967488e+00
5.959196e-01 -2.502808e-03 -8.030402e-01 -3.198366e+01 1.872417e-02 9.997665e-01 1.077888e-02 3.669104e-01 8.028258e-01 -2.145960e-02 5.958274e-01 6.271637e+00
6.385276e-01 -7.702041e-03 -7.695603e-01 -3.229611e+01 2.126932e-02 9.997445e-01 7.641996e-03 3.620520e-01 7.693050e-01 -2.124765e-02 6.385284e-01 6.578906e+00
6.800139e-01 -1.279434e-02 -7.330876e-01 -3.260512e+01 1.931208e-02 9.998133e-01 4.645137e-04 3.609987e-01 7.329449e-01 -1.447333e-02 6.801342e-01 6.901499e+00
7.214361e-01 -1.972871e-02 -6.922000e-01 -3.289159e+01 1.591132e-02 9.998023e-01 -1.191247e-02 3.439435e-01 6.922983e-01 -2.419723e-03 7.216074e-01 7.242377e+00
7.610398e-01 -2.250939e-02 -6.483146e-01 -3.316848e+01 1.244750e-02 9.997205e-01 -2.009836e-02 3.379848e-01 6.485859e-01 7.225759e-03 7.611073e-01 7.606021e+00
7.983597e-01 -2.356225e-02 -6.017197e-01 -3.343936e+01 1.227705e-02 9.996633e-01 -2.285587e-02 3.253094e-01 6.020557e-01 1.085987e-02 7.983802e-01 8.007021e+00
8.328590e-01 -2.468355e-02 -5.529347e-01 -3.364634e+01 1.274227e-02 9.995953e-01 -2.542984e-02 3.023145e-01 5.533388e-01 1.413382e-02 8.328364e-01 8.401222e+00
8.636943e-01 -2.338561e-02 -5.034732e-01 -3.388250e+01 1.098786e-02 9.995592e-01 -2.757870e-02 2.881301e-01 5.038963e-01 1.828746e-02 8.635705e-01 8.853259e+00
8.903833e-01 -2.178149e-02 -4.546902e-01 -3.409510e+01 1.076504e-02 9.995827e-01 -2.680373e-02 2.580817e-01 4.550843e-01 1.897084e-02 8.902463e-01 9.326777e+00
9.118807e-01 -1.582646e-02 -4.101501e-01 -3.432060e+01 5.734013e-03 9.996500e-01 -2.582515e-02 2.417592e-01 4.104153e-01 2.119765e-02 9.116524e-01 9.844152e+00
9.299373e-01 -1.111009e-02 -3.675501e-01 -3.451053e+01 9.123126e-04 9.996102e-01 -2.790740e-02 2.167360e-01 3.677169e-01 2.561681e-02 9.295849e-01 1.036130e+01
9.436678e-01 -5.587768e-03 -3.308469e-01 -3.470757e+01 -3.267756e-03 9.996513e-01 -2.620395e-02 1.954507e-01 3.308781e-01 2.580895e-02 9.433205e-01 1.091941e+01
9.540463e-01 -4.544126e-03 -2.996247e-01 -3.486558e+01 -2.992241e-03 9.996906e-01 -2.468909e-02 1.675641e-01 2.996441e-01 2.445109e-02 9.537378e-01 1.146996e+01
9.613702e-01 -5.068011e-03 -2.752121e-01 -3.502043e+01 -1.342305e-03 9.997322e-01 -2.309893e-02 1.450543e-01 2.752556e-01 2.257604e-02 9.611061e-01 1.205528e+01
9.674898e-01 -4.818780e-03 -2.528646e-01 -3.517644e+01 -6.528357e-04 9.997677e-01 -2.155016e-02 1.230576e-01 2.529096e-01 2.101464e-02 9.672616e-01 1.265803e+01
9.721129e-01 -2.366840e-03 -2.345016e-01 -3.532926e+01 -2.124293e-03 9.998193e-01 -1.889738e-02 1.048668e-01 2.345038e-01 1.886854e-02 9.719320e-01 1.328488e+01
9.760319e-01 2.548585e-03 -2.176121e-01 -3.549222e+01 -6.562677e-03 9.998212e-01 -1.772539e-02 8.519833e-02 2.175281e-01 1.872867e-02 9.758744e-01 1.392842e+01
9.788873e-01 6.442945e-03 -2.042989e-01 -3.562976e+01 -9.979879e-03 9.998175e-01 -1.628696e-02 6.327114e-02 2.041567e-01 1.798198e-02 9.787731e-01 1.457796e+01
9.817930e-01 5.708752e-03 -1.898672e-01 -3.576574e+01 -9.046685e-03 9.998193e-01 -1.671822e-02 3.889508e-02 1.897377e-01 1.813151e-02 9.816675e-01 1.524766e+01
9.843797e-01 6.687546e-03 -1.759312e-01 -3.589064e+01 -9.819981e-03 9.998082e-01 -1.694025e-02 1.477199e-02 1.757843e-01 1.840328e-02 9.842567e-01 1.593539e+01
9.870712e-01 6.950056e-03 -1.601318e-01 -3.600714e+01 -9.713870e-03 9.998169e-01 -1.648327e-02 -4.115995e-03 1.599879e-01 1.782566e-02 9.869581e-01 1.662194e+01
9.892558e-01 8.661074e-03 -1.459384e-01 -3.610672e+01 -1.109068e-02 9.998129e-01 -1.584282e-02 -2.601221e-02 1.457737e-01 1.729116e-02 9.891669e-01 1.731671e+01
9.911401e-01 8.904936e-03 -1.325218e-01 -3.619026e+01 -1.145705e-02 9.997630e-01 -1.850799e-02 -5.522096e-02 1.323258e-01 1.986232e-02 9.910074e-01 1.800826e+01
9.925509e-01 9.608584e-03 -1.214510e-01 -3.628155e+01 -1.257521e-02 9.996404e-01 -2.368371e-02 -8.180163e-02 1.211799e-01 2.503456e-02 9.923149e-01 1.874013e+01
9.938148e-01 8.103921e-03 -1.107537e-01 -3.636492e+01 -1.147305e-02 9.994895e-01 -2.981664e-02 -1.083187e-01 1.104555e-01 3.090290e-02 9.934004e-01 1.946205e+01
9.946778e-01 8.056455e-03 -1.027188e-01 -3.644335e+01 -1.120088e-02 9.994850e-01 -3.007202e-02 -1.337384e-01 1.024236e-01 3.106251e-02 9.942557e-01 2.022343e+01
9.954322e-01 1.020298e-02 -9.492530e-02 -3.653407e+01 -1.252841e-02 9.996350e-01 -2.393384e-02 -1.628655e-01 9.464642e-02 2.501378e-02 9.951968e-01 2.101314e+01
9.958581e-01 1.512334e-02 -8.965406e-02 -3.661660e+01 -1.659675e-02 9.997388e-01 -1.571176e-02 -1.968571e-01 8.939297e-02 1.713465e-02 9.958492e-01 2.178539e+01
9.962967e-01 1.572911e-02 -8.453116e-02 -3.669192e+01 -1.679414e-02 9.997882e-01 -1.190289e-02 -2.234748e-01 8.432612e-02 1.327844e-02 9.963498e-01 2.255394e+01
9.965999e-01 1.442920e-02 -8.112108e-02 -3.675430e+01 -1.553349e-02 9.997949e-01 -1.299836e-02 -2.466138e-01 8.091692e-02 1.421426e-02 9.966195e-01 2.331552e+01
9.969158e-01 1.400153e-02 -7.722034e-02 -3.683084e+01 -1.512032e-02 9.997887e-01 -1.392295e-02 -2.669727e-01 7.700909e-02 1.504761e-02 9.969167e-01 2.411654e+01
9.971545e-01 1.298995e-02 -7.425762e-02 -3.688562e+01 -1.389193e-02 9.998356e-01 -1.164315e-02 -2.931840e-01 7.409418e-02 1.264161e-02 9.971710e-01 2.487459e+01
9.974212e-01 1.154689e-02 -7.083430e-02 -3.694893e+01 -1.221253e-02 9.998851e-01 -8.971420e-03 -3.176473e-01 7.072256e-02 9.813336e-03 9.974476e-01 2.565006e+01
9.976414e-01 9.632481e-03 -6.796107e-02 -3.699204e+01 -1.014685e-02 9.999224e-01 -7.227420e-03 -3.437747e-01 6.788617e-02 7.899960e-03 9.976617e-01 2.639618e+01
9.978488e-01 9.670140e-03 -6.483988e-02 -3.703253e+01 -1.036184e-02 9.998929e-01 -1.033999e-02 -3.715307e-01 6.473293e-02 1.098961e-02 9.978422e-01 2.713631e+01
9.979297e-01 1.290667e-02 -6.300500e-02 -3.708764e+01 -1.405073e-02 9.997437e-01 -1.774899e-02 -3.957636e-01 6.275977e-02 1.859751e-02 9.978554e-01 2.788258e+01
9.980631e-01 1.334653e-02 -6.076090e-02 -3.713756e+01 -1.489699e-02 9.995730e-01 -2.513623e-02 -4.192528e-01 6.039948e-02 2.599270e-02 9.978359e-01 2.863139e+01
9.981247e-01 1.445452e-02 -5.948132e-02 -3.718830e+01 -1.621993e-02 9.994389e-01 -2.930516e-02 -4.478351e-01 5.902436e-02 3.021499e-02 9.977992e-01 2.939035e+01
9.982680e-01 1.654231e-02 -5.645458e-02 -3.724235e+01 -1.810905e-02 9.994617e-01 -2.735436e-02 -4.797965e-01 5.597170e-02 2.832933e-02 9.980304e-01 3.014836e+01
9.983427e-01 2.033475e-02 -5.383570e-02 -3.729837e+01 -2.162267e-02 9.994911e-01 -2.344985e-02 -5.130176e-01 5.333147e-02 2.457507e-02 9.982744e-01 3.090994e+01
9.984291e-01 2.367539e-02 -5.078036e-02 -3.734764e+01 -2.461628e-02 9.995353e-01 -1.798350e-02 -5.438489e-01 5.033097e-02 1.920527e-02 9.985480e-01 3.166274e+01
9.986112e-01 2.151723e-02 -4.808961e-02 -3.739222e+01 -2.231228e-02 9.996222e-01 -1.605724e-02 -5.699794e-01 4.772593e-02 1.710792e-02 9.987140e-01 3.242371e+01
9.987455e-01 1.848460e-02 -4.654076e-02 -3.741971e+01 -1.923572e-02 9.996910e-01 -1.574337e-02 -5.997868e-01 4.623539e-02 1.661886e-02 9.987922e-01 3.317382e+01
9.988236e-01 1.697443e-02 -4.542411e-02 -3.745906e+01 -1.770295e-02 9.997203e-01 -1.568405e-02 -6.267614e-01 4.514518e-02 1.646974e-02 9.988446e-01 3.392010e+01
9.989274e-01 1.673642e-02 -4.317124e-02 -3.750467e+01 -1.749946e-02 9.996962e-01 -1.735826e-02 -6.491165e-01 4.286761e-02 1.809512e-02 9.989169e-01 3.467119e+01
9.990167e-01 1.487125e-02 -4.176842e-02 -3.753720e+01 -1.564850e-02 9.997092e-01 -1.834352e-02 -6.727966e-01 4.148350e-02 1.897909e-02 9.989588e-01 3.542444e+01
9.990592e-01 1.426239e-02 -4.095757e-02 -3.757418e+01 -1.502264e-02 9.997194e-01 -1.831429e-02 -6.986864e-01 4.068488e-02 1.891234e-02 9.989930e-01 3.618731e+01
9.990753e-01 1.783556e-02 -3.912019e-02 -3.761361e+01 -1.851240e-02 9.996839e-01 -1.700857e-02 -7.224379e-01 3.880449e-02 1.771706e-02 9.990899e-01 3.693542e+01
9.991070e-01 1.840449e-02 -3.803491e-02 -3.765555e+01 -1.908379e-02 9.996635e-01 -1.757491e-02 -7.477316e-01 3.769862e-02 1.828507e-02 9.991219e-01 3.770797e+01
9.990757e-01 1.883129e-02 -3.864321e-02 -3.769898e+01 -1.951156e-02 9.996599e-01 -1.730272e-02 -7.747361e-01 3.830423e-02 1.804072e-02 9.991034e-01 3.849346e+01
9.990680e-01 1.724538e-02 -3.956793e-02 -3.774064e+01 -1.791244e-02 9.997023e-01 -1.656646e-02 -7.986318e-01 3.927043e-02 1.725978e-02 9.990794e-01 3.927706e+01
9.989031e-01 1.986683e-02 -4.240169e-02 -3.778661e+01 -2.059730e-02 9.996456e-01 -1.686063e-02 -8.254077e-01 4.205168e-02 1.771550e-02 9.989583e-01 4.006229e+01
9.987467e-01 2.296574e-02 -4.446933e-02 -3.783721e+01 -2.373089e-02 9.995780e-01 -1.675536e-02 -8.500349e-01 4.406573e-02 1.778966e-02 9.988702e-01 4.085934e+01
9.986230e-01 2.353317e-02 -4.688630e-02 -3.789233e+01 -2.458399e-02 9.994565e-01 -2.196282e-02 -8.725834e-01 4.634394e-02 2.308524e-02 9.986587e-01 4.166153e+01
9.985297e-01 2.423130e-02 -4.849003e-02 -3.793397e+01 -2.547249e-02 9.993591e-01 -2.514456e-02 -8.940783e-01 4.784968e-02 2.634275e-02 9.985071e-01 4.242769e+01
9.984615e-01 2.372867e-02 -5.011719e-02 -3.798949e+01 -2.511263e-02 9.993153e-01 -2.716767e-02 -9.198652e-01 4.943824e-02 2.838445e-02 9.983738e-01 4.324096e+01
9.983904e-01 2.442653e-02 -5.118847e-02 -3.805358e+01 -2.575997e-02 9.993415e-01 -2.555387e-02 -9.534683e-01 5.053056e-02 2.683135e-02 9.983619e-01 4.407707e+01
9.983179e-01 2.351974e-02 -5.299418e-02 -3.811012e+01 -2.486858e-02 9.993796e-01 -2.493865e-02 -9.876852e-01 5.237473e-02 2.621459e-02 9.982834e-01 4.489802e+01
9.982884e-01 2.279303e-02 -5.385764e-02 -3.815579e+01 -2.405985e-02 9.994460e-01 -2.299116e-02 -1.013061e+00 5.330377e-02 2.424762e-02 9.982839e-01 4.571311e+01
9.982532e-01 2.266961e-02 -5.455882e-02 -3.821185e+01 -2.376627e-02 9.995266e-01 -1.953603e-02 -1.040776e+00 5.409012e-02 2.079857e-02 9.983194e-01 4.654654e+01
9.982549e-01 2.261278e-02 -5.454992e-02 -3.825971e+01 -2.343836e-02 9.996196e-01 -1.454207e-02 -1.067835e+00 5.420034e-02 1.579526e-02 9.984051e-01 4.738237e+01
9.982947e-01 2.314513e-02 -5.359057e-02 -3.831961e+01 -2.386125e-02 9.996339e-01 -1.276138e-02 -1.094908e+00 5.327559e-02 1.401836e-02 9.984814e-01 4.824563e+01
9.983952e-01 2.596508e-02 -5.032738e-02 -3.837980e+01 -2.661717e-02 9.995697e-01 -1.233040e-02 -1.116858e+00 4.998556e-02 1.365018e-02 9.986566e-01 4.909845e+01
9.984937e-01 2.609701e-02 -4.826282e-02 -3.843349e+01 -2.679837e-02 9.995436e-01 -1.394253e-02 -1.137048e+00 4.787694e-02 1.521488e-02 9.987373e-01 4.997147e+01
9.986871e-01 2.383250e-02 -4.534390e-02 -3.848841e+01 -2.457655e-02 9.995710e-01 -1.592297e-02 -1.160709e+00 4.494496e-02 1.701646e-02 9.988446e-01 5.084717e+01
9.988573e-01 1.991298e-02 -4.344393e-02 -3.853049e+01 -2.070034e-02 9.996281e-01 -1.775009e-02 -1.184770e+00 4.307432e-02 1.862911e-02 9.988983e-01 5.172772e+01
9.989841e-01 1.949019e-02 -4.062785e-02 -3.856405e+01 -2.021915e-02 9.996405e-01 -1.760920e-02 -1.217069e+00 4.027003e-02 1.841277e-02 9.990193e-01 5.259213e+01
9.990717e-01 1.721741e-02 -3.948446e-02 -3.860568e+01 -1.783059e-02 9.997250e-01 -1.523054e-02 -1.242933e+00 3.921136e-02 1.592043e-02 9.991042e-01 5.346416e+01
9.991729e-01 1.498165e-02 -3.780077e-02 -3.863018e+01 -1.544878e-02 9.998075e-01 -1.209603e-02 -1.280968e+00 3.761227e-02 1.267000e-02 9.992120e-01 5.432126e+01
9.992039e-01 1.498991e-02 -3.696945e-02 -3.866213e+01 -1.543810e-02 9.998104e-01 -1.186806e-02 -1.310180e+00 3.678454e-02 1.242935e-02 9.992459e-01 5.517730e+01
9.992513e-01 1.686300e-02 -3.481931e-02 -3.870422e+01 -1.738279e-02 9.997411e-01 -1.468014e-02 -1.342613e+00 3.456275e-02 1.527441e-02 9.992858e-01 5.604203e+01
9.992181e-01 1.977364e-02 -3.423962e-02 -3.874336e+01 -2.048392e-02 9.995795e-01 -2.051987e-02 -1.373593e+00 3.381948e-02 2.120519e-02 9.992029e-01 5.689980e+01
9.992446e-01 2.173396e-02 -3.221721e-02 -3.877590e+01 -2.256017e-02 9.994201e-01 -2.550731e-02 -1.407818e+00 3.164415e-02 2.621486e-02 9.991553e-01 5.774192e+01
9.991373e-01 2.721188e-02 -3.137361e-02 -3.881882e+01 -2.819578e-02 9.991104e-01 -3.135682e-02 -1.446456e+00 3.049243e-02 3.221437e-02 9.990157e-01 5.859182e+01
9.992006e-01 2.720727e-02 -2.928966e-02 -3.885006e+01 -2.813964e-02 9.990947e-01 -3.190557e-02 -1.485289e+00 2.839510e-02 3.270425e-02 9.990616e-01 5.943861e+01
9.992849e-01 2.450026e-02 -2.880082e-02 -3.888338e+01 -2.525631e-02 9.993380e-01 -2.618665e-02 -1.519877e+00 2.814018e-02 2.689532e-02 9.992420e-01 6.029605e+01
9.993345e-01 2.301467e-02 -2.830357e-02 -3.890484e+01 -2.349491e-02 9.995836e-01 -1.675393e-02 -1.554359e+00 2.790620e-02 1.740777e-02 9.994588e-01 6.112643e+01
9.993263e-01 2.240703e-02 -2.906904e-02 -3.894059e+01 -2.267908e-02 9.997017e-01 -9.063244e-03 -1.590922e+00 2.885730e-02 9.716399e-03 9.995362e-01 6.197953e+01
9.993262e-01 2.101644e-02 -3.009117e-02 -3.897404e+01 -2.135432e-02 9.997119e-01 -1.095161e-02 -1.618795e+00 2.985234e-02 1.158681e-02 9.994871e-01 6.281961e+01
9.993590e-01 1.608442e-02 -3.198321e-02 -3.900461e+01 -1.655616e-02 9.997571e-01 -1.453987e-02 -1.644746e+00 3.174158e-02 1.506007e-02 9.993826e-01 6.366433e+01
9.993346e-01 1.513237e-02 -3.318936e-02 -3.904106e+01 -1.566148e-02 9.997536e-01 -1.574062e-02 -1.675075e+00 3.294298e-02 1.624994e-02 9.993252e-01 6.450100e+01
9.992103e-01 1.744854e-02 -3.570005e-02 -3.908406e+01 -1.810438e-02 9.996718e-01 -1.813051e-02 -1.705797e+00 3.537197e-02 1.876252e-02 9.991981e-01 6.532754e+01
9.990940e-01 1.942855e-02 -3.786876e-02 -3.912346e+01 -2.023399e-02 9.995747e-01 -2.100314e-02 -1.738989e+00 3.744459e-02 2.175034e-02 9.990620e-01 6.613383e+01
9.989311e-01 2.023452e-02 -4.156390e-02 -3.917249e+01 -2.126141e-02 9.994758e-01 -2.441473e-02 -1.770631e+00 4.104809e-02 2.527234e-02 9.988376e-01 6.695539e+01
9.988174e-01 2.215571e-02 -4.327913e-02 -3.922435e+01 -2.337440e-02 9.993385e-01 -2.785864e-02 -1.806783e+00 4.263328e-02 2.883732e-02 9.986745e-01 6.776551e+01
9.985640e-01 2.708668e-02 -4.621946e-02 -3.927992e+01 -2.839378e-02 9.992084e-01 -2.786196e-02 -1.844348e+00 4.542819e-02 2.913430e-02 9.985426e-01 6.857687e+01
9.983642e-01 3.047234e-02 -4.837713e-02 -3.933594e+01 -3.175326e-02 9.991591e-01 -2.593382e-02 -1.873540e+00 4.754619e-02 2.742753e-02 9.984925e-01 6.939181e+01
9.980906e-01 3.302455e-02 -5.219817e-02 -3.938523e+01 -3.410270e-02 9.992201e-01 -1.990100e-02 -1.908806e+00 5.150024e-02 2.164310e-02 9.984384e-01 7.018587e+01
9.979091e-01 3.375920e-02 -5.511865e-02 -3.943695e+01 -3.458690e-02 9.993018e-01 -1.413226e-02 -1.938095e+00 5.460299e-02 1.600909e-02 9.983798e-01 7.100187e+01
9.976682e-01 3.246131e-02 -6.003748e-02 -3.949332e+01 -3.314931e-02 9.993953e-01 -1.049905e-02 -1.963639e+00 5.966034e-02 1.246477e-02 9.981409e-01 7.179879e+01
9.973479e-01 3.243310e-02 -6.515550e-02 -3.954817e+01 -3.311369e-02 9.994074e-01 -9.392824e-03 -1.985772e+00 6.481227e-02 1.152546e-02 9.978308e-01 7.259154e+01
9.970228e-01 2.976960e-02 -7.112837e-02 -3.960932e+01 -3.025012e-02 9.995261e-01 -5.687934e-03 -2.005460e+00 7.092528e-02 7.822649e-03 9.974509e-01 7.338459e+01
9.966066e-01 3.028985e-02 -7.653596e-02 -3.966663e+01 -3.082887e-02 9.995074e-01 -5.870843e-03 -2.025658e+00 7.632036e-02 8.210439e-03 9.970495e-01 7.414763e+01
9.959714e-01 3.466111e-02 -8.270139e-02 -3.974301e+01 -3.534063e-02 9.993524e-01 -6.766467e-03 -2.042402e+00 8.241327e-02 9.661926e-03 9.965514e-01 7.492557e+01
9.954732e-01 3.707581e-02 -8.751258e-02 -3.982215e+01 -3.811493e-02 9.992210e-01 -1.023251e-02 -2.064497e+00 8.706497e-02 1.352172e-02 9.961108e-01 7.569533e+01
9.949597e-01 3.569043e-02 -9.370865e-02 -3.990315e+01 -3.706948e-02 9.992279e-01 -1.301670e-02 -2.084689e+00 9.317169e-02 1.642482e-02 9.955146e-01 7.647180e+01
9.945603e-01 3.690728e-02 -9.740435e-02 -4.000224e+01 -3.846012e-02 9.991606e-01 -1.411252e-02 -2.107116e+00 9.680171e-02 1.778194e-02 9.951449e-01 7.725583e+01
9.940442e-01 3.859950e-02 -1.019121e-01 -4.009781e+01 -3.973583e-02 9.991685e-01 -9.142971e-03 -2.124439e+00 1.014744e-01 1.313808e-02 9.947514e-01 7.803415e+01
9.935445e-01 3.936823e-02 -1.063929e-01 -4.019450e+01 -4.009094e-02 9.991851e-01 -4.661871e-03 -2.144398e+00 1.061226e-01 8.897162e-03 9.943131e-01 7.880873e+01
9.929084e-01 3.854046e-02 -1.124617e-01 -4.029184e+01 -3.905519e-02 9.992341e-01 -2.376583e-03 -2.168182e+00 1.122839e-01 6.751940e-03 9.936532e-01 7.957177e+01
9.923648e-01 3.627090e-02 -1.178837e-01 -4.039620e+01 -3.724630e-02 9.992876e-01 -6.081049e-03 -2.184532e+00 1.175791e-01 1.042535e-02 9.930088e-01 8.032445e+01
9.913946e-01 3.476082e-02 -1.262078e-01 -4.050347e+01 -3.672504e-02 9.992373e-01 -1.326941e-02 -2.199189e+00 1.256501e-01 1.779020e-02 9.919151e-01 8.107346e+01
9.905587e-01 3.222459e-02 -1.332488e-01 -4.062262e+01 -3.450871e-02 9.992939e-01 -1.486732e-02 -2.219202e+00 1.326755e-01 1.932520e-02 9.909710e-01 8.182135e+01
9.891041e-01 3.178877e-02 -1.437449e-01 -4.074424e+01 -3.383415e-02 9.993578e-01 -1.180653e-02 -2.242223e+00 1.432772e-01 1.654138e-02 9.895443e-01 8.256989e+01
9.877256e-01 3.091025e-02 -1.531100e-01 -4.087983e+01 -3.212311e-02 9.994691e-01 -5.453501e-03 -2.256214e+00 1.528601e-01 1.030493e-02 9.881941e-01 8.330939e+01
9.860729e-01 3.187986e-02 -1.632296e-01 -4.101823e+01 -3.186395e-02 9.994885e-01 2.716292e-03 -2.273002e+00 1.632328e-01 2.522676e-03 9.865844e-01 8.404948e+01
9.841247e-01 3.250533e-02 -1.744763e-01 -4.115998e+01 -3.186915e-02 9.994712e-01 6.447519e-03 -2.291326e+00 1.745937e-01 -7.847484e-04 9.846402e-01 8.478318e+01
9.821759e-01 3.646349e-02 -1.843938e-01 -4.130725e+01 -3.665894e-02 9.993251e-01 2.350191e-03 -2.310966e+00 1.843553e-01 4.451390e-03 9.828497e-01 8.548932e+01
9.798032e-01 3.635273e-02 -1.966323e-01 -4.146770e+01 -3.840873e-02 9.992400e-01 -6.651478e-03 -2.324599e+00 1.962412e-01 1.406954e-02 9.804547e-01 8.620131e+01
9.776504e-01 3.483602e-02 -2.073307e-01 -4.164079e+01 -3.798582e-02 9.992151e-01 -1.122927e-02 -2.340411e+00 2.067765e-01 1.885393e-02 9.782065e-01 8.692345e+01
9.750410e-01 3.380269e-02 -2.194367e-01 -4.181743e+01 -3.603907e-02 9.993312e-01 -6.195357e-03 -2.355537e+00 2.190804e-01 1.394903e-02 9.756071e-01 8.765197e+01
9.728037e-01 3.382116e-02 -2.291492e-01 -4.200055e+01 -3.439512e-02 9.994071e-01 1.489907e-03 -2.366889e+00 2.290637e-01 6.432225e-03 9.733901e-01 8.837298e+01
9.699052e-01 3.388243e-02 -2.411141e-01 -4.219895e+01 -3.319701e-02 9.994249e-01 6.905368e-03 -2.381943e+00 2.412093e-01 1.306714e-03 9.704722e-01 8.910516e+01
