9.999884e-01 -1.838132e-04 4.808621e-03 7.104606e-05 1.857797e-04 9.999999e-01 -4.085128e-04 -4.502719e-06 -4.808545e-03 4.094014e-04 9.999884e-01 2.283339e-06
8.967524e-01 -2.068476e-03 -4.425278e-01 1.936335e+01 7.138756e-03 9.999266e-01 9.792315e-03 -1.682306e+00 4.424751e-01 -1.194038e-02 8.967013e-01 4.013344e+01
8.944521e-01 -1.137470e-02 -4.470192e-01 1.893742e+01 1.612351e-02 9.998468e-01 6.820175e-03 -1.703099e+00 4.468731e-01 -1.330784e-02 8.944984e-01 4.113753e+01
8.886710e-01 -2.192008e-02 -4.580211e-01 1.840213e+01 2.686031e-02 9.996300e-01 4.274919e-03 -1.724317e+00 4.577580e-01 -1.610158e-02 8.889310e-01 4.303179e+01
8.814399e-01 -2.276915e-02 -4.717470e-01 1.781629e+01 2.841355e-02 9.995845e-01 4.844026e-03 -1.753771e+00 4.714407e-01 -1.767373e-02 8.817206e-01 4.497034e+01
8.872230e-01 3.162261e-02 -4.602557e-01 1.466166e+01 -4.359801e-02 9.989303e-01 -1.540962e-02 -1.594821e+00 4.592761e-01 3.373801e-02 8.876526e-01 4.914428e+01
8.587623e-01 -1.845197e-02 -5.120417e-01 1.448504e+01 4.362727e-02 9.983554e-01 3.719196e-02 -2.821243e+00 5.105133e-01 -5.427804e-02 8.581550e-01 5.305554e+01
8.500347e-01 1.975584e-03 -5.267230e-01 1.941188e+01 2.128182e-02 9.990476e-01 3.809210e-02 -2.745659e+00 5.262965e-01 -4.358923e-02 8.491831e-01 4.678205e+01
8.470568e-01 7.726812e-03 -5.314462e-01 1.876304e+01 1.772378e-02 9.989276e-01 4.277305e-02 -2.704620e+00 5.312068e-01 -4.565044e-02 8.460114e-01 4.794982e+01
8.465483e-01 1.892599e-03 -5.323085e-01 1.824806e+01 1.614293e-02 9.994425e-01 2.922613e-02 -2.671238e+00 5.320670e-01 -3.333435e-02 8.460458e-01 4.873515e+01
8.562283e-01 9.629226e-03 -5.165078e-01 1.609494e+01 1.710070e-02 9.987500e-01 4.696791e-02 -2.779341e+00 5.163144e-01 -4.904790e-02 8.549934e-01 5.110195e+01
8.617215e-01 1.350347e-02 -5.072018e-01 1.550475e+01 1.840011e-02 9.981565e-01 5.783567e-02 -2.747144e+00 5.070478e-01 -5.917081e-02 8.598845e-01 5.187260e+01
8.601389e-01 1.041216e-02 -5.099535e-01 1.495458e+01 1.948816e-02 9.983907e-01 5.325570e-02 -2.706430e+00 5.096874e-01 -5.574536e-02 8.585518e-01 5.265350e+01
8.501733e-01 6.359616e-03 -5.264646e-01 1.519646e+01 2.219060e-02 9.986057e-01 4.789800e-02 -2.800726e+00 5.260352e-01 -5.240417e-02 8.488467e-01 5.344438e+01
8.550810e-01 -2.491818e-03 -5.184885e-01 1.344833e+01 2.484502e-02 9.990367e-01 3.617262e-02 -2.720382e+00 5.178989e-01 -4.381237e-02 8.543192e-01 5.609387e+01
8.348300e-01 -2.583650e-03 -5.505017e-01 1.403862e+01 3.057581e-02 9.986630e-01 4.168091e-02 -2.850077e+00 5.496580e-01 -5.162851e-02 8.337929e-01 5.698933e+01
8.463933e-01 -8.490592e-03 -5.324906e-01 1.221234e+01 3.260583e-02 9.988233e-01 3.590064e-02 -2.750551e+00 5.315592e-01 -4.774836e-02 8.456742e-01 5.957220e+01
8.543038e-01 1.955316e-03 -5.197703e-01 1.060406e+01 1.792345e-02 9.992874e-01 3.321851e-02 -2.609939e+00 5.194649e-01 -3.769477e-02 8.536600e-01 6.057401e+01
8.609039e-01 -3.424190e-04 -5.087675e-01 9.488584e+00 2.321086e-02 9.989850e-01 3.860359e-02 -2.650244e+00 5.082378e-01 -4.504292e-02 8.600380e-01 6.178106e+01
8.615347e-01 -8.705702e-04 -5.076979e-01 9.222298e+00 2.461363e-02 9.988942e-01 4.005510e-02 -2.644705e+00 5.071016e-01 -4.700515e-02 8.606035e-01 6.211782e+01
8.669651e-01 2.481583e-03 -4.983626e-01 8.840264e+00 1.986988e-02 9.990204e-01 3.954077e-02 -2.590615e+00 4.979726e-01 -4.418288e-02 8.660665e-01 6.234447e+01
8.935494e-01 6.145291e-03 -4.489229e-01 6.827706e+00 1.574944e-03 9.998573e-01 1.682183e-02 -2.204694e+00 4.489622e-01 -1.573816e-02 8.934122e-01 6.412007e+01
9.016172e-01 1.673568e-02 -4.322110e-01 6.477172e+00 -1.160791e-02 9.998275e-01 1.449963e-02 -2.207712e+00 4.323791e-01 -8.056051e-03 9.016560e-01 6.439283e+01
9.004502e-01 1.743662e-02 -4.346095e-01 6.469666e+00 -1.129016e-02 9.997964e-01 1.672041e-02 -2.254454e+00 4.348126e-01 -1.014909e-02 9.004638e-01 6.455061e+01
8.886847e-01 1.025089e-02 -4.584041e-01 5.554434e+00 -1.764171e-03 9.998191e-01 1.893796e-02 -2.146992e+00 4.585154e-01 -1.602117e-02 8.885420e-01 6.555432e+01
8.879252e-01 2.397896e-02 -4.593624e-01 5.229869e+00 -1.659870e-02 9.996602e-01 2.009832e-02 -2.125587e+00 4.596883e-01 -1.022098e-02 8.880216e-01 6.574736e+01
9.149721e-01 -3.788809e-02 -4.017345e-01 5.524435e+00 5.569762e-02 9.979108e-01 3.274013e-02 -2.178443e+00 3.996547e-01 -5.233196e-02 9.151707e-01 6.511158e+01
8.833776e-01 1.176723e-02 -4.685143e-01 7.243914e+00 7.544179e-03 9.991982e-01 3.932038e-02 -2.393748e+00 4.686013e-01 -3.826929e-02 8.825805e-01 6.411385e+01
8.882349e-01 6.741132e-04 -4.593891e-01 6.716454e+00 2.017028e-02 9.989773e-01 4.046541e-02 -2.353531e+00 4.589466e-01 -4.520880e-02 8.873129e-01 6.469692e+01
8.647293e-01 -9.686598e-02 -4.928086e-01 1.175863e+01 1.353402e-01 9.898694e-01 4.291310e-02 -2.371747e+00 4.836594e-01 -1.038050e-01 8.690789e-01 6.019120e+01
8.909828e-01 -7.669357e-02 -4.475129e-01 7.196355e+00 1.037516e-01 9.939433e-01 3.622647e-02 -2.180895e+00 4.420241e-01 -7.870733e-02 8.935434e-01 6.422201e+01
8.981850e-01 -3.773404e-02 -4.379953e-01 7.461542e+00 6.373248e-02 9.969608e-01 4.480459e-02 -2.404151e+00 4.349734e-01 -6.815734e-02 8.978600e-01 6.384361e+01
8.969828e-01 -5.994962e-02 -4.379817e-01 6.709659e+00 8.598430e-02 9.954998e-01 3.983409e-02 -2.203601e+00 4.336226e-01 -7.339004e-02 8.981010e-01 6.504901e+01
9.044213e-01 -5.093383e-02 -4.235892e-01 6.643341e+00 7.543345e-02 9.962967e-01 4.126265e-02 -2.228879e+00 4.199189e-01 -6.927162e-02 9.049141e-01 6.504762e+01
9.045894e-01 -6.186467e-02 -4.217710e-01 7.138609e+00 8.895216e-02 9.950265e-01 4.483047e-02 -2.280222e+00 4.168999e-01 -7.807061e-02 9.055934e-01 6.481177e+01
9.278825e-01 -5.542609e-02 -3.687303e-01 4.512940e+00 7.086835e-02 9.970796e-01 2.845785e-02 -2.048413e+00 3.660762e-01 -5.253685e-02 9.291007e-01 6.687513e+01
9.326346e-01 -5.201430e-02 -3.570537e-01 2.978489e+00 6.297701e-02 9.978315e-01 1.913728e-02 -1.921779e+00 3.552840e-01 -4.033427e-02 9.338878e-01 6.900851e+01
9.382761e-01 -3.191894e-02 -3.444112e-01 2.315419e+00 4.153799e-02 9.989249e-01 2.058437e-02 -1.973962e+00 3.433838e-01 -3.361997e-02 9.385932e-01 6.980491e+01
9.396951e-01 -3.163594e-02 -3.405470e-01 2.009245e+00 4.177508e-02 9.988741e-01 2.248004e-02 -1.953733e+00 3.394524e-01 -3.535076e-02 9.399587e-01 7.040627e+01
9.437937e-01 -2.533812e-02 -3.295626e-01 1.565714e+00 3.516911e-02 9.990955e-01 2.390194e-02 -1.942115e+00 3.286588e-01 -3.414892e-02 9.438311e-01 7.108210e+01
9.462531e-01 -2.314185e-02 -3.225980e-01 1.176199e+00 3.264727e-02 9.991767e-01 2.408504e-02 -1.929784e+00 3.217750e-01 -3.332249e-02 9.462296e-01 7.176747e+01
9.484603e-01 -2.662096e-02 -3.157759e-01 7.967296e-01 3.542592e-02 9.991263e-01 2.217515e-02 -1.896665e+00 3.149096e-01 -3.221890e-02 9.485747e-01 7.243624e+01
9.498864e-01 -4.422551e-02 -3.094512e-01 -9.867206e-01 5.112703e-02 9.985908e-01 1.422416e-02 -1.711031e+00 3.083860e-01 -2.933265e-02 9.508090e-01 7.534886e+01
9.548248e-01 -2.020288e-02 -2.964817e-01 -2.058573e-01 2.529690e-02 9.995907e-01 1.335494e-02 -1.819594e+00 2.960906e-01 -2.025170e-02 9.549452e-01 7.411027e+01
9.475475e-01 -1.341600e-02 -3.193333e-01 1.429850e-01 1.819382e-02 9.997627e-01 1.198336e-02 -1.869841e+00 3.190967e-01 -1.716470e-02 9.475667e-01 7.384332e+01
9.608472e-01 -3.609946e-02 -2.747172e-01 -8.133633e-01 3.865089e-02 9.992453e-01 3.878122e-03 -1.737424e+00 2.743699e-01 -1.434435e-02 9.615172e-01 7.511361e+01
9.663435e-01 -5.239652e-02 -2.518629e-01 -1.145874e+00 5.414799e-02 9.985329e-01 2.347277e-05 -1.689317e+00 2.514922e-01 -1.366055e-02 9.677629e-01 7.559058e+01
9.677238e-01 -2.474701e-02 -2.507953e-01 -1.239664e+00 2.662727e-02 9.996370e-01 4.106159e-03 -1.767439e+00 2.506026e-01 -1.065162e-02 9.680314e-01 7.595136e+01
9.683067e-01 -2.464162e-02 -2.485454e-01 -1.333030e+00 2.779444e-02 9.995715e-01 9.183333e-03 -1.755412e+00 2.482126e-01 -1.580046e-02 9.685767e-01 7.633656e+01
9.705099e-01 -2.009320e-02 -2.402222e-01 -9.958662e-01 2.432970e-02 9.995962e-01 1.468278e-02 -1.760644e+00 2.398302e-01 -2.009432e-02 9.706069e-01 7.498550e+01
9.689480e-01 -2.369721e-02 -2.461263e-01 -1.476176e+00 2.855553e-02 9.994611e-01 1.618838e-02 -1.781837e+00 2.456100e-01 -2.271396e-02 9.691026e-01 7.720862e+01
9.694354e-01 -2.850474e-02 -2.436851e-01 -1.615523e+00 3.262057e-02 9.993849e-01 1.287041e-02 -1.774050e+00 2.431683e-01 -2.042618e-02 9.697690e-01 7.777854e+01
9.683175e-01 -3.273622e-02 -2.475671e-01 -1.720271e+00 3.594881e-02 9.993178e-01 8.466273e-03 -1.750063e+00 2.471210e-01 -1.709778e-02 9.688338e-01 7.881545e+01
9.678174e-01 -3.215919e-02 -2.495904e-01 -1.796204e+00 3.415918e-02 9.994096e-01 3.684597e-03 -1.731023e+00 2.493245e-01 -1.209182e-02 9.683445e-01 7.950905e+01
9.675969e-01 -3.500818e-02 -2.500615e-01 -1.881209e+00 3.582476e-02 9.993572e-01 -1.286691e-03 -1.702336e+00 2.499458e-01 -7.713396e-03 9.682291e-01 8.007797e+01
9.675120e-01 -3.258082e-02 -2.507171e-01 -1.932233e+00 3.296692e-02 9.994529e-01 -2.660754e-03 -1.699131e+00 2.506667e-01 -5.691062e-03 9.680567e-01 8.053732e+01
9.720022e-01 -1.087362e-02 -2.347202e-01 -2.972784e+00 1.286577e-02 9.998930e-01 6.957655e-03 -1.875582e+00 2.346194e-01 -9.782713e-03 9.720381e-01 8.246202e+01
9.709647e-01 -1.093539e-02 -2.389726e-01 -3.047255e+00 1.307307e-02 9.998874e-01 7.362047e-03 -1.880435e+00 2.388652e-01 -1.027239e-02 9.709984e-01 8.289807e+01
9.727918e-01 -1.854735e-02 -2.309375e-01 -3.334890e+00 2.050431e-02 9.997713e-01 6.076615e-03 -1.796794e+00 2.307720e-01 -1.064649e-02 9.729496e-01 8.358082e+01
9.736402e-01 -1.895092e-02 -2.273006e-01 -3.583778e+00 2.101214e-02 9.997571e-01 6.651743e-03 -1.799629e+00 2.271193e-01 -1.125248e-02 9.738019e-01 8.421199e+01
9.739406e-01 -1.650919e-02 -2.262015e-01 -3.821132e+00 1.866192e-02 9.997986e-01 7.381614e-03 -1.787659e+00 2.260341e-01 -1.141061e-02 9.740526e-01 8.473257e+01
9.734523e-01 -1.688521e-02 -2.282663e-01 -3.962904e+00 1.960785e-02 9.997610e-01 9.664759e-03 -1.792578e+00 2.280486e-01 -1.388399e-02 9.735508e-01 8.520225e+01
9.739168e-01 -1.814610e-02 -2.261786e-01 -4.188987e+00 2.107401e-02 9.997224e-01 1.053712e-02 -1.778258e+00 2.259246e-01 -1.502877e-02 9.740288e-01 8.572130e+01
9.747487e-01 -1.953290e-02 -2.224487e-01 -4.445118e+00 2.210532e-02 9.997144e-01 9.079857e-03 -1.770643e+00 2.222078e-01 -1.376788e-02 9.749021e-01 8.622416e+01
9.753391e-01 -2.066640e-02 -2.197418e-01 -4.695848e+00 2.220550e-02 9.997431e-01 4.536252e-03 -1.757819e+00 2.195916e-01 -9.303862e-03 9.755475e-01 8.675871e+01
9.761105e-01 -1.969132e-02 -2.163808e-01 -4.939109e+00 2.064390e-02 9.997846e-01 2.142712e-03 -1.742095e+00 2.162920e-01 -6.558466e-03 9.763067e-01 8.722143e+01
9.768490e-01 -1.941930e-02 -2.130470e-01 -5.212576e+00 2.083206e-02 9.997733e-01 4.388119e-03 -1.755118e+00 2.129135e-01 -8.724738e-03 9.770321e-01 8.768455e+01
9.783973e-01 -1.918559e-02 -2.058414e-01 -5.600144e+00 2.136091e-02 9.997370e-01 8.350687e-03 -1.740537e+00 2.056270e-01 -1.256725e-02 9.785497e-01 8.791404e+01
9.801780e-01 -1.912251e-02 -1.971940e-01 -6.052431e+00 2.181021e-02 9.996964e-01 1.146680e-02 -1.688135e+00 1.969148e-01 -1.554034e-02 9.802974e-01 8.821620e+01
9.802784e-01 -2.039287e-02 -1.965664e-01 -6.220920e+00 2.330411e-02 9.996502e-01 1.250865e-02 -1.713005e+00 1.962425e-01 -1.684276e-02 9.804107e-01 8.891601e+01
9.801852e-01 -2.205260e-02 -1.968518e-01 -6.360773e+00 2.459523e-02 9.996425e-01 1.048083e-02 -1.726475e+00 1.965503e-01 -1.511477e-02 9.803772e-01 8.958374e+01
9.798406e-01 -2.332804e-02 -1.984141e-01 -6.460279e+00 2.581712e-02 9.996170e-01 9.966799e-03 -1.737090e+00 1.981056e-01 -1.488836e-02 9.800676e-01 9.023189e+01
9.809235e-01 -2.551093e-02 -1.927127e-01 -6.785508e+00 2.779101e-02 9.995720e-01 9.137138e-03 -1.766951e+00 1.923971e-01 -1.431851e-02 9.812127e-01 9.153816e+01
9.766294e-01 -1.694367e-02 -2.142612e-01 -6.694699e+00 1.968698e-02 9.997492e-01 1.067608e-02 -1.939754e+00 2.140266e-01 -1.464473e-02 9.767180e-01 9.507160e+01
9.795358e-01 -1.574074e-02 -2.006536e-01 -6.930492e+00 1.813884e-02 9.997843e-01 1.011841e-02 -1.835338e+00 2.004510e-01 -1.355097e-02 9.796100e-01 9.426220e+01
9.815235e-01 -2.115706e-02 -1.901683e-01 -7.181935e+00 2.411098e-02 9.996217e-01 1.323269e-02 -1.831414e+00 1.898164e-01 -1.757334e-02 9.816624e-01 9.402891e+01
9.907386e-01 -4.622920e-02 -1.276711e-01 -9.045607e+00 4.899462e-02 9.986258e-01 1.860401e-02 -1.920573e+00 1.266356e-01 -2.468690e-02 9.916421e-01 9.370617e+01
9.711434e-01 -9.457979e-03 -2.383086e-01 -6.506249e+00 1.421599e-02 9.997323e-01 1.825496e-02 -2.135858e+00 2.380721e-01 -2.111597e-02 9.710179e-01 9.779370e+01
9.717914e-01 -1.618504e-02 -2.352862e-01 -7.119884e+00 2.036133e-02 9.996751e-01 1.533102e-02 -1.951071e+00 2.349616e-01 -1.968929e-02 9.718052e-01 9.862959e+01
9.725242e-01 -2.419776e-02 -2.315407e-01 -7.722791e+00 2.876950e-02 9.994517e-01 1.638826e-02 -1.884489e+00 2.310172e-01 -2.259929e-02 9.726872e-01 9.922589e+01
9.628983e-01 -2.183492e-02 -2.689798e-01 -2.506280e+00 3.076168e-02 9.991055e-01 2.901696e-02 -2.419336e+00 2.681056e-01 -3.621465e-02 9.627086e-01 8.846511e+01
9.707052e-01 -1.495280e-02 -2.398079e-01 -7.766218e+00 1.997771e-02 9.996286e-01 1.853659e-02 -2.204542e+00 2.394417e-01 -2.278437e-02 9.706434e-01 9.929487e+01
9.704422e-01 -1.438603e-02 -2.409047e-01 -8.196233e+00 1.775143e-02 9.997728e-01 1.180538e-02 -2.179845e+00 2.406801e-01 -1.573284e-02 9.704770e-01 1.002659e+02
9.696569e-01 -1.140263e-02 -2.442038e-01 -8.260217e+00 1.446425e-02 9.998376e-01 1.074750e-02 -2.185590e+00 2.440416e-01 -1.395362e-02 9.696644e-01 1.010753e+02
9.694953e-01 -6.208770e-03 -2.450311e-01 -7.795164e+00 1.001166e-02 9.998479e-01 1.427751e-02 -2.182881e+00 2.449052e-01 -1.629515e-02 9.694101e-01 1.010816e+02
9.727616e-01 -3.172295e-03 -2.317860e-01 -7.911531e+00 7.840835e-03 9.997845e-01 1.922314e-02 -2.190999e+00 2.316751e-01 -2.051693e-02 9.725769e-01 1.020830e+02
9.814673e-01 -9.887831e-03 -1.913745e-01 -8.354051e+00 1.392377e-02 9.997079e-01 1.975594e-02 -2.168755e+00 1.911232e-01 -2.205446e-02 9.813183e-01 1.038245e+02
9.910196e-01 -1.308743e-02 -1.330744e-01 -8.155538e+00 1.438042e-02 9.998582e-01 8.759771e-03 -2.124426e+00 1.329409e-01 -1.059477e-02 9.910673e-01 1.044962e+02
9.985527e-01 -1.776773e-02 -5.076212e-02 -7.847286e+00 1.791762e-02 9.998363e-01 2.499253e-03 -2.020614e+00 5.070940e-02 -3.405172e-03 9.987076e-01 1.051431e+02
9.946758e-01 -5.436209e-02 8.754913e-02 -8.133763e+00 5.279682e-02 9.984030e-01 2.009799e-02 -2.276457e+00 -8.850190e-02 -1.536867e-02 9.959575e-01 1.060243e+02
9.815479e-01 -5.478519e-02 1.832003e-01 -6.607643e+00 5.095361e-02 9.983739e-01 2.556049e-02 -2.576434e+00 -1.843028e-01 -1.575413e-02 9.827433e-01 1.099500e+02
9.104471e-01 3.619093e-02 4.120392e-01 -9.244572e+00 -3.068606e-02 9.993295e-01 -1.997050e-02 -1.788453e+00 -4.124856e-01 5.538230e-03 9.109473e-01 1.048704e+02
7.978152e-01 4.640819e-02 6.011133e-01 -8.739851e+00 5.557873e-02 9.871263e-01 -1.499756e-01 -4.334516e-01 -6.003348e-01 1.530619e-01 7.849651e-01 1.075442e+02
6.788299e-01 6.287769e-02 7.315985e-01 -8.212055e+00 7.420176e-02 9.853530e-01 -1.535365e-01 -2.317841e-01 -7.305369e-01 1.585111e-01 6.642215e-01 1.075247e+02
4.530976e-01 6.953198e-02 8.887451e-01 5.268725e+00 3.398723e-01 9.081806e-01 -2.443253e-01 -1.944431e+00 -8.241294e-01 4.127631e-01 3.878625e-01 1.155912e+02
4.023794e-01 5.056156e-02 9.140757e-01 5.157287e+00 2.356466e-01 9.591085e-01 -1.567850e-01 -2.054706e+00 -8.846250e-01 2.784859e-01 3.740109e-01 1.150971e+02
2.821039e-01 6.428439e-02 9.572277e-01 4.485897e+00 2.006407e-01 9.717359e-01 -1.243894e-01 -1.990214e+00 -9.381688e-01 2.271496e-01 2.612324e-01 1.151298e+02
1.935223e-01 6.676900e-02 9.788212e-01 4.704452e+00 1.988711e-01 9.743003e-01 -1.057793e-01 -2.035864e+00 -9.607286e-01 2.151299e-01 1.752704e-01 1.151452e+02
9.630080e-02 6.524056e-02 9.932119e-01 4.839125e+00 2.055451e-01 9.750381e-01 -8.397622e-02 -2.059658e+00 -9.738980e-01 2.122368e-01 8.048708e-02 1.151499e+02
3.991800e-02 5.633668e-02 9.976135e-01 4.976323e+00 1.892125e-01 9.799189e-01 -6.290850e-02 -2.086328e+00 -9.811245e-01 1.912722e-01 2.845680e-02 1.151578e+02
-6.147336e-03 5.307324e-02 9.985717e-01 5.115431e+00 1.957038e-01 9.793440e-01 -5.084653e-02 -2.113259e+00 -9.806438e-01 1.951117e-01 -1.640699e-02 1.151622e+02
-4.091601e-02 5.758805e-02 9.975016e-01 5.210384e+00 1.827161e-01 9.819342e-01 -4.919457e-02 -2.152366e+00 -9.823140e-01 1.802467e-01 -5.069909e-02 1.150985e+02
-5.097274e-02 5.764292e-02 9.970351e-01 6.011377e+00 2.056917e-01 9.775351e-01 -4.599970e-02 -2.347849e+00 -9.772884e-01 2.027371e-01 -6.168432e-02 1.150719e+02
-6.363276e-02 5.377268e-02 9.965237e-01 5.143984e+00 2.129736e-01 9.762761e-01 -3.908074e-02 -2.120153e+00 -9.749836e-01 2.097464e-01 -7.357530e-02 1.151596e+02
-5.963089e-02 5.202264e-02 9.968640e-01 5.108611e+00 2.054609e-01 9.778982e-01 -3.874253e-02 -2.111414e+00 -9.768469e-01 2.025063e-01 -6.900156e-02 1.151629e+02
-5.550638e-02 5.120747e-02 9.971444e-01 5.149031e+00 1.715505e-01 9.843218e-01 -4.099956e-02 -2.119211e+00 -9.836104e-01 1.687848e-01 -6.342081e-02 1.151622e+02
-5.334247e-02 4.839605e-02 9.974028e-01 5.122219e+00 1.601919e-01 9.863036e-01 -3.929021e-02 -2.113498e+00 -9.856435e-01 1.576800e-01 -6.036452e-02 1.151616e+02
-5.675071e-02 4.157929e-02 9.975222e-01 6.112743e+00 1.434427e-01 9.891060e-01 -3.306778e-02 -2.294811e+00 -9.880301e-01 1.412107e-01 -6.209671e-02 1.152120e+02
-4.059824e-02 3.000931e-02 9.987248e-01 7.899690e+00 1.234143e-01 9.920455e-01 -2.479181e-02 -2.786112e+00 -9.915245e-01 1.222504e-01 -4.397888e-02 1.142756e+02
-7.601284e-03 2.257373e-02 9.997163e-01 7.185087e+00 1.095271e-01 9.937490e-01 -2.160620e-02 -2.714132e+00 -9.939547e-01 1.093318e-01 -1.002620e-02 1.127409e+02
9.278412e-03 4.441334e-02 9.989701e-01 1.105248e+01 1.189791e-01 9.918673e-01 -4.520263e-02 -1.973593e+00 -9.928534e-01 1.192759e-01 3.918696e-03 1.120025e+02
-3.910747e-03 6.208951e-02 9.980629e-01 1.824951e+01 1.257263e-01 9.901812e-01 -6.110655e-02 -2.249053e+00 -9.920573e-01 1.252438e-01 -1.167863e-02 1.125798e+02
2.175946e-02 3.913554e-02 9.989970e-01 1.248697e+01 1.030339e-01 9.938251e-01 -4.117715e-02 -2.148844e+00 -9.944398e-01 1.038265e-01 1.759281e-02 1.109903e+02
2.466191e-02 2.895477e-02 9.992765e-01 1.398090e+01 1.042911e-01 9.940517e-01 -3.137726e-02 -2.283313e+00 -9.942410e-01 1.049894e-01 2.149550e-02 1.110333e+02
2.618486e-02 4.189847e-02 9.987787e-01 1.901086e+01 1.422545e-01 9.887971e-01 -4.520921e-02 -2.311767e+00 -9.894837e-01 1.432645e-01 1.993127e-02 1.109005e+02
2.730894e-02 5.669790e-02 9.980178e-01 2.199113e+01 1.404069e-01 9.882750e-01 -5.998639e-02 -2.397008e+00 -9.897172e-01 1.417668e-01 1.902797e-02 1.107169e+02
3.002214e-02 3.937265e-02 9.987735e-01 2.175844e+01 1.202949e-01 9.918188e-01 -4.271443e-02 -2.410910e+00 -9.922841e-01 1.214297e-01 2.504019e-02 1.108638e+02
-1.405248e-02 4.063968e-02 9.990751e-01 2.617132e+01 7.806958e-02 9.961681e-01 -3.942335e-02 -2.730610e+00 -9.968489e-01 7.744338e-02 -1.717136e-02 1.130344e+02
-1.596074e-02 5.852608e-02 9.981583e-01 2.917240e+01 9.871269e-02 9.935008e-01 -5.667456e-02 -2.143608e+00 -9.949880e-01 9.762632e-02 -2.163428e-02 1.132785e+02
-2.330317e-02 5.370792e-02 9.982847e-01 3.179004e+01 8.943826e-02 9.946639e-01 -5.142534e-02 -2.675848e+00 -9.957197e-01 8.808647e-02 -2.798236e-02 1.132540e+02
-2.525670e-02 4.775086e-02 9.985399e-01 3.348935e+01 8.675090e-02 9.951952e-01 -4.539666e-02 -3.102193e+00 -9.959098e-01 8.547766e-02 -2.927778e-02 1.131290e+02
1.643171e-02 4.202390e-02 9.989815e-01 3.913036e+01 1.103053e-01 9.929417e-01 -4.358418e-02 -4.048276e+00 -9.937619e-01 1.109091e-01 1.168027e-02 1.110831e+02
-3.557621e-02 3.488665e-02 9.987579e-01 3.707104e+01 8.775498e-02 9.956391e-01 -3.165184e-02 -4.039971e+00 -9.955066e-01 8.651993e-02 -3.848255e-02 1.130754e+02
-3.651252e-02 3.086909e-02 9.988563e-01 3.754325e+01 8.754866e-02 9.957785e-01 -2.757369e-02 -4.147841e+00 -9.954908e-01 8.644175e-02 -3.906093e-02 1.130515e+02
-3.759143e-02 2.605901e-02 9.989533e-01 3.854820e+01 8.694179e-02 9.959545e-01 -2.270909e-02 -4.357076e+00 -9.955039e-01 8.599712e-02 -3.970497e-02 1.129880e+02
-1.301110e-02 2.597396e-02 9.995779e-01 3.488159e+01 7.967619e-02 9.965108e-01 -2.485714e-02 -3.950777e+00 -9.967359e-01 7.931915e-02 -1.503520e-02 1.119097e+02
-7.265755e-02 3.406179e-03 9.973511e-01 4.234625e+01 5.573565e-02 9.984453e-01 6.504565e-04 -5.384358e+00 -9.957984e-01 5.563527e-02 -7.273443e-02 1.138439e+02
-6.669960e-02 3.308808e-02 9.972243e-01 4.507288e+01 6.851501e-02 9.972428e-01 -2.850604e-02 -4.634850e+00 -9.954179e-01 6.642349e-02 -6.878272e-02 1.136935e+02
-6.497918e-02 3.462600e-02 9.972857e-01 4.646638e+01 7.281258e-02 9.968983e-01 -2.986837e-02 -4.668817e+00 -9.952266e-01 7.067412e-02 -6.729885e-02 1.135408e+02
-6.854525e-02 4.421482e-02 9.966678e-01 4.938059e+01 7.745874e-02 9.962376e-01 -3.886856e-02 -4.484960e+00 -9.946365e-01 7.453637e-02 -7.171218e-02 1.134417e+02
-5.920235e-02 3.552512e-02 9.976137e-01 4.881555e+01 6.434988e-02 9.974238e-01 -3.169959e-02 -4.644102e+00 -9.961698e-01 6.231963e-02 -6.133588e-02 1.130505e+02
-5.719757e-02 4.233925e-02 9.974647e-01 4.945843e+01 7.717587e-02 9.962983e-01 -3.786425e-02 -4.481708e+00 -9.953755e-01 7.481446e-02 -6.025340e-02 1.130230e+02
-5.997619e-02 3.918609e-02 9.974303e-01 5.041443e+01 8.558469e-02 9.957515e-01 -3.397386e-02 -4.676842e+00 -9.945241e-01 8.332714e-02 -6.307511e-02 1.130988e+02
-5.896979e-02 3.820038e-02 9.975286e-01 5.061744e+01 8.482475e-02 9.958452e-01 -3.312142e-02 -4.693841e+00 -9.946494e-01 8.266195e-02 -6.196512e-02 1.129326e+02
-6.635797e-02 3.808610e-02 9.970687e-01 5.011782e+01 8.579328e-02 9.957884e-01 -3.232739e-02 -4.666045e+00 -9.941007e-01 8.339662e-02 -6.934603e-02 1.131134e+02
-6.693203e-02 4.295278e-02 9.968325e-01 5.022693e+01 9.730311e-02 9.945918e-01 -3.632283e-02 -4.657661e+00 -9.930016e-01 9.456374e-02 -7.074948e-02 1.129980e+02
-8.251445e-02 4.341252e-02 9.956439e-01 5.006454e+01 8.282120e-02 9.958936e-01 -3.655956e-02 -4.644991e+00 -9.931425e-01 7.944373e-02 -8.577109e-02 1.132185e+02
-7.440095e-02 4.720071e-02 9.961107e-01 5.114778e+01 8.824179e-02 9.952726e-01 -4.057008e-02 -4.599007e+00 -9.933166e-01 8.488014e-02 -7.821430e-02 1.125936e+02
-7.933162e-02 4.900466e-02 9.956430e-01 5.548791e+01 9.235143e-02 9.948568e-01 -4.160751e-02 -4.682331e+00 -9.925612e-01 8.864827e-02 -8.344925e-02 1.117602e+02
-8.298880e-02 5.228466e-02 9.951780e-01 5.616290e+01 8.947225e-02 9.949807e-01 -4.481312e-02 -4.626813e+00 -9.925258e-01 8.532183e-02 -8.725028e-02 1.114914e+02
-1.913504e-01 5.317898e-02 9.800801e-01 6.708408e+01 6.546993e-02 9.969989e-01 -4.131466e-02 -5.427790e+00 -9.793358e-01 5.626020e-02 -1.942578e-01 1.141734e+02
-1.694406e-01 1.647078e-02 9.854028e-01 6.370722e+01 2.756006e-02 9.995485e-01 -1.196825e-02 -6.107105e+00 -9.851550e-01 2.512985e-02 -1.698180e-01 1.144321e+02
-1.035854e-01 4.012019e-02 9.938111e-01 5.381647e+01 8.540961e-02 9.958541e-01 -3.130039e-02 -4.737590e+00 -9.909466e-01 8.163875e-02 -1.065826e-01 1.124435e+02
-1.098454e-01 4.850297e-02 9.927645e-01 5.686444e+01 9.756509e-02 9.945113e-01 -3.779312e-02 -4.838865e+00 -9.891486e-01 9.270776e-02 -1.139747e-01 1.120392e+02
-1.015407e-01 4.203850e-02 9.939428e-01 5.534078e+01 1.130354e-01 9.931240e-01 -3.045623e-02 -4.790166e+00 -9.883888e-01 1.092582e-01 -1.055943e-01 1.121609e+02
-1.038262e-01 3.367413e-02 9.940253e-01 5.990621e+01 9.675072e-02 9.950287e-01 -2.360249e-02 -5.327601e+00 -9.898785e-01 9.372210e-02 -1.065680e-01 1.115810e+02
-1.047813e-01 3.421214e-02 9.939066e-01 6.044375e+01 9.566464e-02 9.951202e-01 -2.416859e-02 -5.391668e+00 -9.898834e-01 9.254931e-02 -1.075429e-01 1.114715e+02
-1.043581e-01 4.754144e-02 9.934028e-01 6.298264e+01 1.109916e-01 9.931738e-01 -3.587068e-02 -5.049049e+00 -9.883270e-01 1.065160e-01 -1.089224e-01 1.111912e+02
-1.150657e-01 2.511610e-02 9.930403e-01 6.074547e+01 8.101360e-02 9.965874e-01 -1.581859e-02 -5.781495e+00 -9.900488e-01 7.862959e-02 -1.167078e-01 1.116019e+02
-1.121706e-01 2.748090e-02 9.933089e-01 6.319172e+01 8.482986e-02 9.962332e-01 -1.798228e-02 -5.860432e+00 -9.900614e-01 8.224517e-02 -1.140793e-01 1.111043e+02
-1.220497e-01 3.074885e-02 9.920476e-01 6.414893e+01 8.894519e-02 9.958373e-01 -1.992355e-02 -5.821003e+00 -9.885305e-01 8.580619e-02 -1.242766e-01 1.112859e+02
-1.397478e-01 4.443980e-02 9.891894e-01 6.880561e+01 9.573054e-02 9.949191e-01 -3.117286e-02 -5.523685e+00 -9.855487e-01 9.033930e-02 -1.432920e-01 1.120201e+02
-1.404300e-01 5.181387e-02 9.887339e-01 6.910819e+01 1.000317e-01 9.942623e-01 -3.789606e-02 -5.220805e+00 -9.850244e-01 9.358303e-02 -1.448073e-01 1.120213e+02
-1.481589e-01 4.839541e-02 9.877787e-01 7.096844e+01 9.695538e-02 9.947012e-01 -3.419205e-02 -5.554230e+00 -9.841995e-01 9.070461e-02 -1.520660e-01 1.120585e+02
-1.381183e-01 2.495926e-02 9.901012e-01 7.449292e+01 8.491837e-02 9.962995e-01 -1.326947e-02 -6.793965e+00 -9.867685e-01 8.224503e-02 -1.397267e-01 1.106923e+02
-1.552655e-01 4.050687e-02 9.870419e-01 7.461595e+01 9.114683e-02 9.954844e-01 -2.651559e-02 -5.769314e+00 -9.836589e-01 8.584879e-02 -1.582565e-01 1.115618e+02
-1.605495e-01 3.842792e-02 9.862795e-01 7.544056e+01 7.984463e-02 9.964727e-01 -2.582773e-02 -5.863828e+00 -9.837930e-01 7.460249e-02 -1.630514e-01 1.114540e+02
-1.676632e-01 4.060120e-02 9.850079e-01 7.561851e+01 7.349624e-02 9.968859e-01 -2.858063e-02 -5.913789e+00 -9.831009e-01 6.760245e-02 -1.701252e-01 1.114354e+02
-1.564017e-01 4.071817e-02 9.868539e-01 7.738817e+01 7.722237e-02 9.965955e-01 -2.888151e-02 -6.343058e+00 -9.846701e-01 7.169007e-02 -1.590136e-01 1.106608e+02
-1.560923e-02 3.523774e-02 9.992571e-01 8.503535e+01 1.259047e-01 9.914934e-01 -3.299723e-02 -6.859908e+00 -9.919196e-01 1.252961e-01 -1.991304e-02 1.052921e+02
-1.530314e-01 4.876312e-02 9.870175e-01 7.889515e+01 7.129126e-02 9.967242e-01 -3.818938e-02 -5.663318e+00 -9.856464e-01 6.452155e-02 -1.560065e-01 1.104063e+02
-1.077909e-01 2.691299e-02 9.938092e-01 8.625300e+01 8.834823e-02 9.959379e-01 -1.738817e-02 -6.939241e+00 -9.902402e-01 8.592700e-02 -1.097308e-01 1.076425e+02
-1.467797e-01 3.609875e-02 9.885103e-01 8.567724e+01 6.602951e-02 9.974625e-01 -2.662122e-02 -6.706130e+00 -9.869629e-01 6.136339e-02 -1.487908e-01 1.096213e+02
-1.442874e-01 3.511121e-02 9.889127e-01 8.850263e+01 6.954342e-02 9.972591e-01 -2.526080e-02 -7.159311e+00 -9.870891e-01 6.512756e-02 -1.463336e-01 1.091615e+02
-1.481436e-01 3.034534e-02 9.885002e-01 9.052215e+01 3.940772e-02 9.989164e-01 -2.475918e-02 -7.498378e+00 -9.881804e-01 3.528662e-02 -1.491790e-01 1.089218e+02
-1.411373e-01 2.949706e-02 9.895505e-01 9.083171e+01 9.280373e-02 9.955487e-01 -1.643948e-02 -7.548218e+00 -9.856306e-01 8.951375e-02 -1.432465e-01 1.089108e+02
-1.502445e-01 2.561615e-02 9.883169e-01 9.052839e+01 4.240402e-02 9.989113e-01 -1.944445e-02 -7.497340e+00 -9.877391e-01 3.898719e-02 -1.511672e-01 1.089282e+02
-1.533749e-01 1.449772e-02 9.880617e-01 9.341709e+01 1.539071e-02 9.998061e-01 -1.228098e-02 -8.032652e+00 -9.880482e-01 1.332338e-02 -1.535683e-01 1.083782e+02
-1.650909e-01 1.534635e-02 9.861589e-01 9.056135e+01 -1.248120e-02 9.997664e-01 -1.764756e-02 -7.502903e+00 -9.861994e-01 -1.522190e-02 -1.648608e-01 1.089354e+02
-1.648356e-01 5.446651e-03 9.863060e-01 9.037366e+01 -4.152431e-02 9.990598e-01 -1.245680e-02 -7.469900e+00 -9.854466e-01 -4.300901e-02 -1.644545e-01 1.089725e+02
-1.488348e-01 1.449162e-02 9.887559e-01 9.090935e+01 6.651713e-02 9.977746e-01 -4.611152e-03 -7.552518e+00 -9.866223e-01 6.508290e-02 -1.494675e-01 1.089501e+02
-1.568737e-01 1.169343e-02 9.875495e-01 9.106822e+01 8.981939e-03 9.999054e-01 -1.041294e-02 -7.592315e+00 -9.875778e-01 7.236593e-03 -1.569639e-01 1.089052e+02
-1.835792e-01 4.359159e-02 9.820379e-01 1.002177e+02 5.103202e-02 9.980918e-01 -3.476443e-02 -7.261778e+00 -9.816794e-01 4.373335e-02 -1.854534e-01 1.096669e+02
-1.640794e-01 4.469891e-02 9.854339e-01 1.021599e+02 6.639272e-02 9.972080e-01 -3.417827e-02 -7.625808e+00 -9.842103e-01 5.981769e-02 -1.665890e-01 1.084145e+02
-1.635819e-01 2.193501e-02 9.862858e-01 9.631803e+01 4.474121e-02 9.988890e-01 -1.479468e-02 -7.866011e+00 -9.855147e-01 4.170748e-02 -1.643815e-01 1.086183e+02
-1.887825e-01 3.370525e-02 9.814403e-01 1.005807e+02 3.977139e-02 9.988533e-01 -2.665312e-02 -7.514064e+00 -9.812132e-01 3.400160e-02 -1.899066e-01 1.091918e+02
-2.599052e-01 1.045137e-01 9.599615e-01 1.229454e+02 1.154469e-01 9.903583e-01 -7.656633e-02 -9.803812e+00 -9.587082e-01 9.092461e-02 -2.694650e-01 1.082073e+02
-2.131883e-01 2.384618e-02 9.767201e-01 1.043512e+02 4.680221e-03 9.997155e-01 -2.338605e-02 -8.002544e+00 -9.769999e-01 -4.143651e-04 -2.132393e-01 1.088125e+02
-2.450670e-01 1.431450e-02 9.694004e-01 1.087160e+02 -3.348760e-02 9.991694e-01 -2.321983e-02 -8.758670e+00 -9.689276e-01 -3.815331e-02 -2.443841e-01 1.094186e+02
-2.513675e-01 2.838784e-02 9.674753e-01 1.059348e+02 -3.133360e-02 9.988072e-01 -3.744821e-02 -7.861603e+00 -9.673844e-01 -3.972775e-02 -2.501782e-01 1.100355e+02
-2.219621e-01 1.580881e-02 9.749271e-01 1.087248e+02 7.295355e-03 9.998675e-01 -1.455228e-02 -9.018076e+00 -9.750280e-01 3.882384e-03 -2.220480e-01 1.075927e+02
-3.834518e-01 -9.231425e-02 9.189357e-01 1.165717e+02 -2.493723e-01 9.683840e-01 -6.775910e-03 -1.059580e+01 -8.892571e-01 -2.317554e-01 -3.943492e-01 1.126792e+02
-3.796015e-01 3.379386e-02 9.245327e-01 1.184631e+02 -3.670114e-02 9.979959e-01 -5.154814e-02 -8.671902e+00 -9.244218e-01 -5.349915e-02 -3.776005e-01 1.122828e+02
-4.642850e-01 3.496476e-02 8.849954e-01 1.375466e+02 -5.596063e-02 9.960659e-01 -6.871097e-02 -1.224649e+01 -8.839162e-01 -8.142637e-02 -4.605019e-01 1.077981e+02
-3.666981e-01 -1.025882e-02 9.302834e-01 1.173157e+02 -2.807617e-02 9.996058e-01 -4.375560e-05 -1.068475e+01 -9.299162e-01 -2.613484e-02 -3.668416e-01 1.118953e+02
-8.809610e-01 1.156435e-01 4.588402e-01 1.116212e+02 1.559677e-01 9.864532e-01 5.083369e-02 -7.268588e+00 -4.467459e-01 1.163468e-01 -8.870635e-01 1.859092e+02
-9.505218e-01 2.845992e-01 -1.245458e-01 1.682432e+02 2.806991e-01 9.585852e-01 4.819088e-02 -8.840361e+00 1.331029e-01 1.084657e-02 -9.910429e-01 1.740004e+02
-8.025191e-01 2.975052e-01 -5.171592e-01 1.901768e+02 3.222588e-01 9.456324e-01 4.391630e-02 -9.617472e+00 5.021078e-01 -1.314154e-01 -8.547618e-01 1.493462e+02
-8.780993e-01 2.247629e-01 4.224017e-01 1.483989e+02 1.712374e-01 9.719513e-01 -1.612095e-01 -9.464233e+00 -4.467878e-01 -6.922699e-02 -8.919575e-01 1.154495e+02
-7.924611e-01 1.163818e-01 5.987158e-01 1.240692e+02 1.197896e-01 9.922060e-01 -3.431702e-02 -6.791590e+00 -5.980433e-01 4.452505e-02 -8.002260e-01 1.355553e+02
-8.069661e-01 4.757816e-02 5.886782e-01 1.360827e+02 1.156168e-02 9.978314e-01 -6.479788e-02 -8.415295e+00 -5.904846e-01 -4.548358e-02 -8.057662e-01 1.255344e+02
-8.144480e-01 -2.926951e-03 5.802293e-01 1.400287e+02 -6.231613e-02 9.946447e-01 -8.245356e-02 -8.811257e+00 -5.768806e-01 -1.033118e-01 -8.102688e-01 1.215948e+02
-7.686569e-01 1.267861e-01 6.269703e-01 1.332976e+02 1.196475e-01 9.913584e-01 -5.378669e-02 -8.749108e+00 -6.283717e-01 3.367190e-02 -7.771841e-01 1.230521e+02
-7.070328e-01 1.408710e-01 6.930080e-01 1.027067e+02 1.211200e-01 9.896008e-01 -7.758972e-02 -2.129191e+00 -6.967314e-01 2.907864e-02 -7.167425e-01 1.437843e+02
-7.439021e-01 4.154186e-03 6.682758e-01 1.114384e+02 -9.651761e-02 9.888288e-01 -1.135870e-01 -2.924723e+00 -6.612822e-01 -1.489980e-01 -7.351908e-01 1.405324e+02
-7.440641e-01 8.907577e-02 6.621436e-01 1.251686e+02 6.364202e-02 9.960154e-01 -6.247450e-02 -7.650172e+00 -6.650701e-01 -4.344878e-03 -7.467683e-01 1.292502e+02
-7.702721e-01 -5.485595e-03 6.376917e-01 1.312650e+02 -5.932878e-02 9.962426e-01 -6.309368e-02 -9.699177e+00 -6.349496e-01 -8.643278e-02 -7.677033e-01 1.270118e+02
-7.613635e-01 7.747965e-03 6.482789e-01 1.340951e+02 -4.130203e-02 9.973178e-01 -6.042622e-02 -9.988443e+00 -6.470083e-01 -7.278156e-02 -7.590014e-01 1.241616e+02
-7.697680e-01 5.806181e-02 6.356776e-01 1.362968e+02 3.030752e-02 9.980559e-01 -5.446027e-02 -9.544872e+00 -6.376038e-01 -2.265596e-02 -7.700312e-01 1.244644e+02
-7.542292e-01 5.744695e-02 6.540934e-01 1.346725e+02 2.760915e-02 9.980590e-01 -5.582050e-02 -9.291598e+00 -6.560305e-01 -2.404249e-02 -7.543513e-01 1.244206e+02
-7.369921e-01 4.749598e-02 6.742305e-01 1.329744e+02 1.714633e-02 9.985207e-01 -5.159809e-02 -9.324728e+00 -6.756838e-01 -2.646680e-02 -7.367163e-01 1.240693e+02
-7.392518e-01 3.827380e-02 6.723406e-01 1.354780e+02 4.714825e-03 9.986533e-01 -5.166551e-02 -9.621931e+00 -6.734126e-01 -3.502385e-02 -7.384367e-01 1.223723e+02
-7.225795e-01 6.766652e-02 6.879681e-01 1.352534e+02 3.307670e-02 9.974422e-01 -6.336470e-02 -9.338073e+00 -6.904961e-01 -2.303032e-02 -7.229694e-01 1.216728e+02
-7.136074e-01 3.741903e-02 6.995458e-01 1.365177e+02 -7.632191e-03 9.980979e-01 -6.117433e-02 -9.830691e+00 -7.005043e-01 -4.899352e-02 -7.119645e-01 1.202636e+02
-6.887273e-01 4.685199e-02 7.235051e-01 1.361315e+02 7.988244e-03 9.983396e-01 -5.704518e-02 -9.825983e+00 -7.249765e-01 -3.350904e-02 -6.879580e-01 1.197891e+02
-6.707467e-01 4.346888e-02 7.404116e-01 1.379557e+02 3.092519e-03 9.984363e-01 -5.581572e-02 -9.960753e+00 -7.416801e-01 -3.514847e-02 -6.698322e-01 1.185881e+02
-6.440901e-01 2.709901e-02 7.644695e-01 1.400656e+02 -2.323856e-02 9.982179e-01 -5.496418e-02 -1.010547e+01 -7.645965e-01 -5.316705e-02 -6.423125e-01 1.173983e+02
-6.147999e-01 6.681071e-02 7.858482e-01 1.413772e+02 1.961704e-02 9.973927e-01 -6.944847e-02 -9.744707e+00 -7.884391e-01 -2.728090e-02 -6.145075e-01 1.167782e+02
-6.614946e-01 4.408529e-02 7.486530e-01 1.490268e+02 -3.313143e-02 9.955782e-01 -8.790001e-02 -9.675871e+00 -7.492177e-01 -8.294933e-02 -6.571090e-01 1.141477e+02
-4.191966e-01 1.004374e-01 9.023229e-01 1.140526e+02 1.096276e-01 9.921897e-01 -5.951019e-02 -8.957823e+00 -9.012524e-01 7.397305e-02 -4.269333e-01 1.254109e+02
-5.678595e-01 1.589091e-01 8.076407e-01 1.450952e+02 1.742067e-01 9.821633e-01 -7.076143e-02 -9.531573e+00 -8.044797e-01 1.005138e-01 -5.854138e-01 1.162578e+02
-6.300600e-01 8.528404e-02 7.718491e-01 1.393750e+02 5.380157e-02 9.963566e-01 -6.617239e-02 -9.050240e+00 -7.746805e-01 -1.658779e-04 -6.323529e-01 1.244401e+02
-6.401922e-01 9.109778e-02 7.627943e-01 1.398736e+02 6.366073e-02 9.958199e-01 -6.549850e-02 -9.066130e+00 -7.655725e-01 6.628418e-03 -6.433154e-01 1.234438e+02
-6.516397e-01 9.391133e-02 7.526927e-01 1.434988e+02 6.226794e-02 9.955800e-01 -7.030754e-02 -9.097076e+00 -7.559685e-01 1.053435e-03 -6.546071e-01 1.202692e+02
-6.537633e-01 9.289987e-02 7.509748e-01 1.443083e+02 5.965832e-02 9.956739e-01 -7.123481e-02 -9.113032e+00 -7.543437e-01 -1.768807e-03 -6.564773e-01 1.187508e+02
-6.793086e-01 9.830982e-02 7.272379e-01 1.432484e+02 6.190555e-02 9.951307e-01 -7.669861e-02 -8.807603e+00 -7.312370e-01 -7.081958e-03 -6.820867e-01 1.207277e+02
-6.685573e-01 1.004994e-01 7.368386e-01 1.460216e+02 6.862302e-02 9.949360e-01 -7.343819e-02 -9.216321e+00 -7.404877e-01 1.466450e-03 -6.720683e-01 1.165143e+02
-5.175619e-01 9.259708e-02 8.506206e-01 1.398623e+02 7.961557e-02 9.950258e-01 -5.987452e-02 -9.496678e+00 -8.519337e-01 3.673387e-02 -5.223597e-01 1.115767e+02
-6.039995e-01 8.087118e-02 7.928710e-01 1.448563e+02 7.921759e-02 9.960038e-01 -4.124330e-02 -1.011725e+01 -7.930380e-01 3.789840e-02 -6.079922e-01 1.128636e+02
-6.548089e-01 1.044737e-01 7.485390e-01 1.477776e+02 8.510467e-02 9.942934e-01 -6.432558e-02 -9.736293e+00 -7.509877e-01 2.158320e-02 -6.599634e-01 1.110649e+02
-8.048079e-01 8.775869e-02 5.870117e-01 1.549700e+02 6.425823e-02 9.960785e-01 -6.081483e-02 -1.007776e+01 -5.900468e-01 -1.122392e-02 -8.072910e-01 1.148683e+02
-1.132323e-01 6.086263e-02 9.917027e-01 1.383807e+02 1.089750e-01 9.928611e-01 -4.849099e-02 -1.031259e+01 -9.875742e-01 1.025801e-01 -1.190564e-01 8.727249e+01
2.805234e-01 1.530790e-01 9.475618e-01 1.476254e+02 2.646701e-01 9.365923e-01 -2.296618e-01 -5.438393e+00 -9.226355e-01 3.152168e-01 2.222207e-01 7.242149e+01
4.342266e-01 -1.848494e-02 9.006140e-01 1.379745e+02 4.524659e-02 9.989750e-01 -1.311637e-03 -1.221353e+01 -8.996666e-01 4.131926e-02 4.346179e-01 6.134183e+01
4.194041e-01 -1.666602e-02 9.076466e-01 1.390474e+02 4.339427e-02 9.990566e-01 -1.707097e-03 -1.235051e+01 -9.067619e-01 4.010263e-02 4.197317e-01 6.233935e+01
4.243206e-01 -1.694774e-02 9.053534e-01 1.396179e+02 3.919621e-02 9.992315e-01 3.346326e-04 -1.247353e+01 -9.046633e-01 3.534443e-02 4.246588e-01 6.188666e+01
4.171690e-01 -1.509925e-02 9.087035e-01 1.410075e+02 4.995843e-02 9.987312e-01 -6.339822e-03 -1.220630e+01 -9.074547e-01 4.804217e-02 4.173941e-01 6.224025e+01
4.561045e-01 -2.532457e-02 8.895658e-01 1.414438e+02 5.178694e-02 9.986564e-01 1.877645e-03 -1.265701e+01 -8.884182e-01 4.521149e-02 4.568031e-01 5.960613e+01
4.205379e-01 -1.151651e-02 9.072019e-01 1.431456e+02 5.537429e-02 9.983811e-01 -1.299504e-02 -1.210792e+01 -9.055835e-01 5.570056e-02 4.204948e-01 6.221687e+01
4.219797e-01 -9.504633e-03 9.065555e-01 1.420426e+02 5.229925e-02 9.985350e-01 -1.387506e-02 -1.233415e+01 -9.050956e-01 5.326717e-02 4.218586e-01 6.030077e+01
3.997582e-01 -7.186772e-03 9.165925e-01 1.454563e+02 5.878658e-02 9.981116e-01 -1.781294e-02 -1.219660e+01 -9.147336e-01 6.100420e-02 3.994257e-01 6.257773e+01
4.345111e-01 -1.775231e-02 9.004915e-01 1.453794e+02 6.052499e-02 9.981212e-01 -9.527938e-03 -1.243338e+01 -8.986305e-01 5.864223e-02 4.347693e-01 6.123231e+01
4.182972e-01 -1.798465e-02 9.081321e-01 1.492104e+02 7.186237e-02 9.973252e-01 -1.334969e-02 -1.204302e+01 -9.054630e-01 7.084466e-02 4.184708e-01 6.414448e+01
3.001983e-01 5.852263e-03 9.538589e-01 1.532080e+02 7.956937e-02 9.963423e-01 -3.115498e-02 -1.161957e+01 -9.505523e-01 8.525062e-02 2.986346e-01 6.885692e+01
3.202172e-01 -1.558782e-02 9.472159e-01 1.538447e+02 8.281732e-02 9.964972e-01 -1.159853e-02 -1.203135e+01 -9.437172e-01 8.215993e-02 3.203865e-01 6.882854e+01
3.516168e-01 -2.147583e-02 9.358976e-01 1.553804e+02 9.713036e-02 9.951780e-01 -1.365577e-02 -1.206125e+01 -9.310915e-01 9.570568e-02 3.520073e-01 6.984182e+01
3.729086e-01 -3.326780e-02 9.272715e-01 1.568284e+02 1.092898e-01 9.939753e-01 -8.290713e-03 -1.223783e+01 -9.214092e-01 1.044330e-01 3.742978e-01 7.005262e+01
3.856973e-01 -2.776045e-02 9.222077e-01 1.587464e+02 1.216817e-01 9.923466e-01 -2.101949e-02 -1.198369e+01 -9.145661e-01 1.203230e-01 3.861233e-01 7.032711e+01
3.725959e-01 -1.358761e-02 9.278942e-01 1.617435e+02 1.244793e-01 9.915882e-01 -3.546434e-02 -1.179570e+01 -9.196071e-01 1.287175e-01 3.711531e-01 7.224786e+01
4.191251e-01 -3.049204e-02 9.074163e-01 1.624645e+02 1.265373e-01 9.916436e-01 -2.512378e-02 -1.211480e+01 -8.990676e-01 1.253520e-01 4.194811e-01 7.008941e+01
4.019371e-01 -4.637819e-02 9.144920e-01 1.662276e+02 1.296372e-01 9.915389e-01 -6.692478e-03 -1.270545e+01 -9.064440e-01 1.212421e-01 4.045486e-01 7.354001e+01
4.569217e-01 -4.986535e-02 8.881081e-01 1.695978e+02 1.289127e-01 9.915988e-01 -1.064800e-02 -1.243724e+01 -8.801160e-01 1.193537e-01 4.595113e-01 7.387374e+01
5.276550e-01 -5.325620e-02 8.477877e-01 1.723299e+02 1.366590e-01 9.903547e-01 -2.284331e-02 -1.252352e+01 -8.383940e-01 1.279112e-01 5.298436e-01 7.459620e+01
1.176548e-01 3.464328e-02 9.924501e-01 1.444650e+02 7.022547e-03 9.993373e-01 -3.571621e-02 -1.306787e+01 -9.930297e-01 1.117171e-02 1.173335e-01 8.345584e+01
-3.716686e-01 -1.147431e-01 9.212472e-01 1.272299e+02 -1.253946e-01 9.894435e-01 7.264784e-02 -2.091575e+01 -9.198579e-01 -8.851851e-02 -3.821333e-01 1.165531e+02
3.615188e-01 7.910075e-02 9.290034e-01 1.598952e+02 -7.730006e-02 9.955072e-01 -5.468219e-02 -1.151984e+01 -9.291549e-01 -5.204338e-02 3.660091e-01 8.324349e+01
4.906846e-01 5.667734e-01 6.618130e-01 1.803895e+02 -3.515200e-01 8.237484e-01 -4.448284e-01 -7.435094e+00 -7.972843e-01 -1.437006e-02 6.034328e-01 8.608522e+01
6.068997e-01 1.139958e-01 7.865607e-01 1.596570e+02 -1.037445e-01 9.925554e-01 -6.380263e-02 -8.631069e+00 -7.879783e-01 -4.287951e-02 6.142080e-01 7.570695e+01
