9.999884e-01 -1.838132e-04 4.808621e-03 7.104606e-05 1.857797e-04 9.999999e-01 -4.085128e-04 -4.502719e-06 -4.808545e-03 4.094014e-04 9.999884e-01 2.283339e-06
9.999923e-01 -2.028010e-03 3.370566e-03 -2.640731e-03 2.032200e-03 9.999971e-01 -1.240305e-03 -1.225550e-02 -3.368042e-03 1.247145e-03 9.999936e-01 5.644750e-01
8.967525e-01 -2.068476e-03 -4.425278e-01 1.936335e+01 7.138757e-03 9.999266e-01 9.792315e-03 -1.682306e+00 4.424751e-01 -1.194038e-02 8.967012e-01 4.013344e+01
8.959803e-01 -3.003508e-03 -4.440838e-01 1.910919e+01 7.498350e-03 9.999369e-01 8.365655e-03 -1.687450e+00 4.440308e-01 -1.082536e-02 8.959461e-01 4.062985e+01
8.944521e-01 -1.137470e-02 -4.470192e-01 1.893742e+01 1.612351e-02 9.998468e-01 6.820175e-03 -1.703099e+00 4.468731e-01 -1.330784e-02 8.944984e-01 4.113753e+01
8.936388e-01 -1.433212e-02 -4.485581e-01 1.869317e+01 1.848553e-02 9.998173e-01 4.882059e-03 -1.711028e+00 4.484061e-01 -1.265463e-02 8.937404e-01 4.164044e+01
8.886709e-01 -2.192008e-02 -4.580211e-01 1.840213e+01 2.686031e-02 9.996301e-01 4.274919e-03 -1.724317e+00 4.577580e-01 -1.610158e-02 8.889310e-01 4.303179e+01
8.883806e-01 -2.196320e-02 -4.585819e-01 1.811502e+01 2.718401e-02 9.996189e-01 4.786295e-03 -1.724991e+00 4.583021e-01 -1.671814e-02 8.886392e-01 4.352082e+01
8.814399e-01 -2.276915e-02 -4.717470e-01 1.781629e+01 2.841355e-02 9.995846e-01 4.844024e-03 -1.753771e+00 4.714407e-01 -1.767373e-02 8.817205e-01 4.497034e+01
8.810558e-01 -2.352150e-02 -4.724271e-01 1.752601e+01 2.781360e-02 9.996110e-01 2.101900e-03 -1.760589e+00 4.721938e-01 -1.499179e-02 8.813672e-01 4.548347e+01
8.872230e-01 3.162261e-02 -4.602557e-01 1.466166e+01 -4.359801e-02 9.989303e-01 -1.540962e-02 -1.594821e+00 4.592761e-01 3.373801e-02 8.876526e-01 4.914428e+01
8.868749e-01 3.124264e-02 -4.609519e-01 1.435910e+01 -4.519866e-02 9.987922e-01 -1.926589e-02 -1.602224e+00 4.597933e-01 3.792084e-02 8.872159e-01 4.966466e+01
8.587623e-01 -1.845197e-02 -5.120417e-01 1.448504e+01 4.362727e-02 9.983555e-01 3.719196e-02 -2.821243e+00 5.105133e-01 -5.427805e-02 8.581550e-01 5.305554e+01
8.583815e-01 -1.290293e-02 -5.128495e-01 1.413506e+01 4.124211e-02 9.981837e-01 4.391537e-02 -2.796903e+00 5.113513e-01 -5.884715e-02 8.573545e-01 5.360751e+01
8.500347e-01 1.975584e-03 -5.267230e-01 1.941188e+01 2.128182e-02 9.990476e-01 3.809210e-02 -2.745659e+00 5.262965e-01 -4.358923e-02 8.491832e-01 4.678205e+01
8.498938e-01 6.451123e-03 -5.269146e-01 1.903761e+01 2.019942e-02 9.987913e-01 4.480932e-02 -2.735073e+00 5.265667e-01 -4.872653e-02 8.487362e-01 4.733922e+01
8.470567e-01 7.726811e-03 -5.314462e-01 1.876304e+01 1.772378e-02 9.989276e-01 4.277305e-02 -2.704620e+00 5.312068e-01 -4.565044e-02 8.460114e-01 4.794982e+01
8.467426e-01 5.677101e-03 -5.319724e-01 1.837839e+01 1.557180e-02 9.992502e-01 3.544951e-02 -2.683485e+00 5.317747e-01 -3.830038e-02 8.460193e-01 4.853114e+01
8.465482e-01 1.892599e-03 -5.323085e-01 1.824806e+01 1.614293e-02 9.994425e-01 2.922613e-02 -2.671238e+00 5.320670e-01 -3.333435e-02 8.460458e-01 4.873515e+01
8.459795e-01 1.019512e-03 -5.332143e-01 1.785377e+01 1.827048e-02 9.993556e-01 3.089810e-02 -2.651792e+00 5.329021e-01 -3.588124e-02 8.454157e-01 4.935220e+01
8.562282e-01 9.629226e-03 -5.165078e-01 1.609494e+01 1.710070e-02 9.987500e-01 4.696791e-02 -2.779341e+00 5.163144e-01 -4.904790e-02 8.549933e-01 5.110195e+01
8.562015e-01 1.299634e-02 -5.164783e-01 1.567730e+01 1.771492e-02 9.983571e-01 5.448928e-02 -2.754666e+00 5.163380e-01 -5.580318e-02 8.545648e-01 5.176490e+01
8.617214e-01 1.350347e-02 -5.072018e-01 1.550475e+01 1.840011e-02 9.981565e-01 5.783567e-02 -2.747144e+00 5.070478e-01 -5.917081e-02 8.598845e-01 5.187260e+01
8.617434e-01 1.127893e-02 -5.072188e-01 1.508895e+01 2.037199e-02 9.981773e-01 5.680747e-02 -2.712414e+00 5.069350e-01 -5.928653e-02 8.599431e-01 5.256691e+01
8.601389e-01 1.041216e-02 -5.099535e-01 1.495458e+01 1.948816e-02 9.983907e-01 5.325570e-02 -2.706430e+00 5.096874e-01 -5.574536e-02 8.585518e-01 5.265350e+01
8.604147e-01 1.090336e-02 -5.094778e-01 1.451685e+01 1.691976e-02 9.986086e-01 4.994565e-02 -2.674410e+00 5.093135e-01 -5.159422e-02 8.590330e-01 5.337399e+01
8.501733e-01 6.359616e-03 -5.264646e-01 1.519646e+01 2.219060e-02 9.986058e-01 4.789800e-02 -2.800726e+00 5.260352e-01 -5.240417e-02 8.488468e-01 5.344438e+01
8.505856e-01 7.374462e-04 -5.258362e-01 1.473299e+01 2.483208e-02 9.988270e-01 4.156883e-02 -2.769301e+00 5.252501e-01 -4.841545e-02 8.495695e-01 5.418582e+01
8.550810e-01 -2.491817e-03 -5.184885e-01 1.344833e+01 2.484502e-02 9.990367e-01 3.617262e-02 -2.720382e+00 5.178989e-01 -4.381237e-02 8.543193e-01 5.609387e+01
8.551439e-01 -1.846432e-03 -5.183874e-01 1.297216e+01 2.356661e-02 9.990983e-01 3.531737e-02 -2.692851e+00 5.178548e-01 -4.241806e-02 8.544164e-01 5.686579e+01
8.348301e-01 -2.583649e-03 -5.505017e-01 1.403862e+01 3.057581e-02 9.986630e-01 4.168091e-02 -2.850077e+00 5.496580e-01 -5.162851e-02 8.337929e-01 5.698933e+01
8.348004e-01 -1.958670e-03 -5.505491e-01 1.351091e+01 2.896593e-02 9.987649e-01 4.036791e-02 -2.824014e+00 5.497901e-01 -4.964632e-02 8.338262e-01 5.777516e+01
8.463932e-01 -8.490591e-03 -5.324906e-01 1.221234e+01 3.260583e-02 9.988232e-01 3.590064e-02 -2.750551e+00 5.315592e-01 -4.774836e-02 8.456741e-01 5.957220e+01
8.462882e-01 -5.829513e-03 -5.326932e-01 1.168553e+01 2.901840e-02 9.989599e-01 3.516935e-02 -2.726621e+00 5.319342e-01 -4.522132e-02 8.455772e-01 6.039041e+01
8.543038e-01 1.955317e-03 -5.197703e-01 1.060406e+01 1.792345e-02 9.992875e-01 3.321851e-02 -2.609939e+00 5.194649e-01 -3.769477e-02 8.536600e-01 6.057401e+01
8.541440e-01 2.543774e-03 -5.200302e-01 1.008189e+01 1.718466e-02 9.993039e-01 3.311380e-02 -2.590187e+00 5.197525e-01 -3.722050e-02 8.535057e-01 6.141654e+01
8.609039e-01 -3.424184e-04 -5.087675e-01 9.488584e+00 2.321086e-02 9.989851e-01 3.860359e-02 -2.650244e+00 5.082378e-01 -4.504293e-02 8.600379e-01 6.178106e+01
8.615347e-01 -8.705661e-04 -5.076979e-01 9.222298e+00 2.461363e-02 9.988942e-01 4.005510e-02 -2.644705e+00 5.071016e-01 -4.700516e-02 8.606036e-01 6.211782e+01
8.669651e-01 2.481581e-03 -4.983627e-01 8.840264e+00 1.986988e-02 9.990204e-01 3.954077e-02 -2.590615e+00 4.979726e-01 -4.418288e-02 8.660666e-01 6.234447e+01
8.935494e-01 6.145297e-03 -4.489229e-01 6.827706e+00 1.574947e-03 9.998573e-01 1.682182e-02 -2.204694e+00 4.489622e-01 -1.573816e-02 8.934122e-01 6.412007e+01
9.016172e-01 1.673568e-02 -4.322110e-01 6.477172e+00 -1.160791e-02 9.998276e-01 1.449963e-02 -2.207712e+00 4.323791e-01 -8.056051e-03 9.016560e-01 6.439283e+01
9.004503e-01 1.743662e-02 -4.346095e-01 6.469666e+00 -1.129016e-02 9.997963e-01 1.672042e-02 -2.254454e+00 4.348126e-01 -1.014908e-02 9.004638e-01 6.455061e+01
8.886846e-01 1.025090e-02 -4.584041e-01 5.554434e+00 -1.764165e-03 9.998191e-01 1.893795e-02 -2.146992e+00 4.585154e-01 -1.602117e-02 8.885419e-01 6.555432e+01
8.879253e-01 2.397896e-02 -4.593624e-01 5.229869e+00 -1.659870e-02 9.996602e-01 2.009832e-02 -2.125587e+00 4.596883e-01 -1.022098e-02 8.880217e-01 6.574736e+01
9.149721e-01 -3.788808e-02 -4.017345e-01 5.524435e+00 5.569763e-02 9.979107e-01 3.274013e-02 -2.178443e+00 3.996547e-01 -5.233195e-02 9.151708e-01 6.511158e+01
8.833777e-01 1.176723e-02 -4.685143e-01 7.243914e+00 7.544177e-03 9.991982e-01 3.932038e-02 -2.393748e+00 4.686013e-01 -3.826929e-02 8.825805e-01 6.411385e+01
8.882348e-01 6.741109e-04 -4.593891e-01 6.716454e+00 2.017028e-02 9.989773e-01 4.046541e-02 -2.353531e+00 4.589466e-01 -4.520880e-02 8.873129e-01 6.469692e+01
8.647293e-01 -9.686599e-02 -4.928086e-01 1.175863e+01 1.353402e-01 9.898695e-01 4.291310e-02 -2.371747e+00 4.836594e-01 -1.038050e-01 8.690789e-01 6.019120e+01
8.909828e-01 -7.669357e-02 -4.475129e-01 7.196355e+00 1.037516e-01 9.939433e-01 3.622647e-02 -2.180895e+00 4.420241e-01 -7.870733e-02 8.935434e-01 6.422201e+01
8.981849e-01 -3.773404e-02 -4.379953e-01 7.461542e+00 6.373247e-02 9.969608e-01 4.480459e-02 -2.404151e+00 4.349734e-01 -6.815734e-02 8.978600e-01 6.384361e+01
8.969827e-01 -5.994963e-02 -4.379817e-01 6.709659e+00 8.598429e-02 9.954999e-01 3.983409e-02 -2.203601e+00 4.336226e-01 -7.339005e-02 8.981009e-01 6.504901e+01
9.044213e-01 -5.093382e-02 -4.235892e-01 6.643341e+00 7.543345e-02 9.962966e-01 4.126265e-02 -2.228879e+00 4.199189e-01 -6.927161e-02 9.049142e-01 6.504762e+01
9.045893e-01 -6.186467e-02 -4.217710e-01 7.138609e+00 8.895215e-02 9.950265e-01 4.483047e-02 -2.280222e+00 4.168999e-01 -7.807061e-02 9.055935e-01 6.481177e+01
9.278825e-01 -5.542609e-02 -3.687303e-01 4.512940e+00 7.086835e-02 9.970796e-01 2.845785e-02 -2.048413e+00 3.660762e-01 -5.253685e-02 9.291007e-01 6.687513e+01
9.326345e-01 -5.201431e-02 -3.570537e-01 2.978489e+00 6.297700e-02 9.978316e-01 1.913728e-02 -1.921779e+00 3.552840e-01 -4.033427e-02 9.338878e-01 6.900851e+01
9.382762e-01 -3.191894e-02 -3.444112e-01 2.315419e+00 4.153799e-02 9.989250e-01 2.058437e-02 -1.973962e+00 3.433838e-01 -3.361997e-02 9.385933e-01 6.980491e+01
9.396951e-01 -3.163594e-02 -3.405470e-01 2.009245e+00 4.177508e-02 9.988741e-01 2.248004e-02 -1.953733e+00 3.394524e-01 -3.535076e-02 9.399587e-01 7.040627e+01
9.437937e-01 -2.533812e-02 -3.295626e-01 1.565714e+00 3.516911e-02 9.990955e-01 2.390194e-02 -1.942115e+00 3.286588e-01 -3.414892e-02 9.438312e-01 7.108210e+01
9.462530e-01 -2.314184e-02 -3.225980e-01 1.176199e+00 3.264728e-02 9.991768e-01 2.408504e-02 -1.929784e+00 3.217750e-01 -3.332249e-02 9.462296e-01 7.176747e+01
9.484602e-01 -2.662097e-02 -3.157759e-01 7.967296e-01 3.542591e-02 9.991263e-01 2.217515e-02 -1.896665e+00 3.149096e-01 -3.221890e-02 9.485748e-01 7.243624e+01
9.498864e-01 -4.422550e-02 -3.094512e-01 -9.867206e-01 5.112703e-02 9.985907e-01 1.422416e-02 -1.711031e+00 3.083860e-01 -2.933265e-02 9.508090e-01 7.534886e+01
9.548248e-01 -2.020289e-02 -2.964817e-01 -2.058573e-01 2.529689e-02 9.995907e-01 1.335494e-02 -1.819594e+00 2.960906e-01 -2.025170e-02 9.549453e-01 7.411027e+01
9.475476e-01 -1.341600e-02 -3.193333e-01 1.429850e-01 1.819382e-02 9.997628e-01 1.198336e-02 -1.869841e+00 3.190967e-01 -1.716470e-02 9.475666e-01 7.384332e+01
9.608473e-01 -3.609946e-02 -2.747172e-01 -8.133633e-01 3.865089e-02 9.992454e-01 3.878113e-03 -1.737424e+00 2.743699e-01 -1.434436e-02 9.615173e-01 7.511361e+01
9.663436e-01 -5.239653e-02 -2.518629e-01 -1.145874e+00 5.414799e-02 9.985330e-01 2.347728e-05 -1.689317e+00 2.514922e-01 -1.366055e-02 9.677629e-01 7.559058e+01
9.677237e-01 -2.474701e-02 -2.507953e-01 -1.239664e+00 2.662727e-02 9.996371e-01 4.106159e-03 -1.767439e+00 2.506026e-01 -1.065162e-02 9.680313e-01 7.595136e+01
9.683067e-01 -2.464162e-02 -2.485454e-01 -1.333030e+00 2.779444e-02 9.995715e-01 9.183332e-03 -1.755412e+00 2.482126e-01 -1.580046e-02 9.685766e-01 7.633656e+01
9.705099e-01 -2.009320e-02 -2.402222e-01 -9.958662e-01 2.432970e-02 9.995961e-01 1.468278e-02 -1.760644e+00 2.398302e-01 -2.009432e-02 9.706069e-01 7.498550e+01
9.689479e-01 -2.369721e-02 -2.461263e-01 -1.476176e+00 2.855553e-02 9.994612e-01 1.618838e-02 -1.781837e+00 2.456100e-01 -2.271396e-02 9.691026e-01 7.720862e+01
9.694354e-01 -2.850474e-02 -2.436851e-01 -1.615523e+00 3.262057e-02 9.993848e-01 1.287041e-02 -1.774050e+00 2.431683e-01 -2.042618e-02 9.697691e-01 7.777854e+01
9.683175e-01 -3.273622e-02 -2.475671e-01 -1.720271e+00 3.594881e-02 9.993179e-01 8.466273e-03 -1.750063e+00 2.471210e-01 -1.709778e-02 9.688339e-01 7.881545e+01
9.678174e-01 -3.215919e-02 -2.495904e-01 -1.796204e+00 3.415918e-02 9.994096e-01 3.684590e-03 -1.731023e+00 2.493245e-01 -1.209183e-02 9.683445e-01 7.950905e+01
9.675968e-01 -3.500818e-02 -2.500615e-01 -1.881209e+00 3.582476e-02 9.993572e-01 -1.286688e-03 -1.702336e+00 2.499458e-01 -7.713394e-03 9.682291e-01 8.007797e+01
9.675120e-01 -3.258082e-02 -2.507171e-01 -1.932233e+00 3.296692e-02 9.994528e-01 -2.660751e-03 -1.699131e+00 2.506667e-01 -5.691059e-03 9.680567e-01 8.053732e+01
9.720022e-01 -1.087362e-02 -2.347202e-01 -2.972784e+00 1.286577e-02 9.998930e-01 6.957648e-03 -1.875582e+00 2.346194e-01 -9.782720e-03 9.720381e-01 8.246202e+01
9.709647e-01 -1.093539e-02 -2.389726e-01 -3.047255e+00 1.307307e-02 9.998873e-01 7.362045e-03 -1.880435e+00 2.388652e-01 -1.027239e-02 9.709983e-01 8.289807e+01
9.727918e-01 -1.854735e-02 -2.309375e-01 -3.334890e+00 2.050431e-02 9.997712e-01 6.076616e-03 -1.796794e+00 2.307720e-01 -1.064649e-02 9.729496e-01 8.358082e+01
9.736402e-01 -1.895092e-02 -2.273006e-01 -3.583778e+00 2.101214e-02 9.997571e-01 6.651743e-03 -1.799629e+00 2.271193e-01 -1.125248e-02 9.738019e-01 8.421199e+01
9.739407e-01 -1.650919e-02 -2.262015e-01 -3.821132e+00 1.866192e-02 9.997985e-01 7.381615e-03 -1.787659e+00 2.260341e-01 -1.141061e-02 9.740527e-01 8.473257e+01
9.734523e-01 -1.688521e-02 -2.282663e-01 -3.962904e+00 1.960785e-02 9.997610e-01 9.664759e-03 -1.792578e+00 2.280486e-01 -1.388399e-02 9.735508e-01 8.520225e+01
9.739168e-01 -1.814610e-02 -2.261786e-01 -4.188987e+00 2.107401e-02 9.997223e-01 1.053712e-02 -1.778258e+00 2.259246e-01 -1.502877e-02 9.740288e-01 8.572130e+01
9.747488e-01 -1.953290e-02 -2.224487e-01 -4.445118e+00 2.210532e-02 9.997143e-01 9.079857e-03 -1.770643e+00 2.222078e-01 -1.376788e-02 9.749021e-01 8.622416e+01
9.753392e-01 -2.066640e-02 -2.197418e-01 -4.695848e+00 2.220550e-02 9.997431e-01 4.536251e-03 -1.757819e+00 2.195916e-01 -9.303863e-03 9.755475e-01 8.675871e+01
9.761105e-01 -1.969132e-02 -2.163808e-01 -4.939109e+00 2.064390e-02 9.997845e-01 2.142712e-03 -1.742095e+00 2.162920e-01 -6.558465e-03 9.763067e-01 8.722143e+01
9.768491e-01 -1.941930e-02 -2.130470e-01 -5.212576e+00 2.083206e-02 9.997732e-01 4.388118e-03 -1.755118e+00 2.129135e-01 -8.724738e-03 9.770320e-01 8.768455e+01
9.783973e-01 -1.918559e-02 -2.058414e-01 -5.600144e+00 2.136091e-02 9.997369e-01 8.350688e-03 -1.740537e+00 2.056270e-01 -1.256725e-02 9.785497e-01 8.791404e+01
9.801779e-01 -1.912250e-02 -1.971940e-01 -6.052431e+00 2.181022e-02 9.996965e-01 1.146680e-02 -1.688135e+00 1.969148e-01 -1.554034e-02 9.802974e-01 8.821620e+01
9.802785e-01 -2.039287e-02 -1.965664e-01 -6.220920e+00 2.330412e-02 9.996502e-01 1.250865e-02 -1.713005e+00 1.962425e-01 -1.684276e-02 9.804106e-01 8.891601e+01
9.801852e-01 -2.205260e-02 -1.968518e-01 -6.360773e+00 2.459523e-02 9.996426e-01 1.048083e-02 -1.726475e+00 1.965503e-01 -1.511477e-02 9.803772e-01 8.958374e+01
9.798407e-01 -2.332804e-02 -1.984141e-01 -6.460279e+00 2.581712e-02 9.996169e-01 9.966798e-03 -1.737090e+00 1.981056e-01 -1.488836e-02 9.800676e-01 9.023189e+01
9.809235e-01 -2.551093e-02 -1.927127e-01 -6.785508e+00 2.779101e-02 9.995720e-01 9.137139e-03 -1.766951e+00 1.923971e-01 -1.431851e-02 9.812128e-01 9.153816e+01
9.766295e-01 -1.694367e-02 -2.142612e-01 -6.694699e+00 1.968698e-02 9.997492e-01 1.067608e-02 -1.939754e+00 2.140266e-01 -1.464473e-02 9.767180e-01 9.507160e+01
9.795358e-01 -1.574074e-02 -2.006536e-01 -6.930492e+00 1.813884e-02 9.997843e-01 1.011841e-02 -1.835338e+00 2.004510e-01 -1.355097e-02 9.796101e-01 9.426220e+01
9.815234e-01 -2.115706e-02 -1.901683e-01 -7.181935e+00 2.411098e-02 9.996216e-01 1.323269e-02 -1.831414e+00 1.898164e-01 -1.757334e-02 9.816623e-01 9.402891e+01
9.813510e-01 -2.188780e-02 -1.909738e-01 -7.380029e+00 2.505191e-02 9.995857e-01 1.416941e-02 -1.844599e+00 1.905845e-01 -1.868943e-02 9.814929e-01 9.499423e+01
9.907385e-01 -4.622919e-02 -1.276711e-01 -9.045607e+00 4.899462e-02 9.986257e-01 1.860401e-02 -1.920573e+00 1.266356e-01 -2.468690e-02 9.916421e-01 9.370617e+01
9.902962e-01 -4.710234e-02 -1.307463e-01 -9.173543e+00 4.981481e-02 9.986042e-01 1.755176e-02 -1.926858e+00 1.297371e-01 -2.389454e-02 9.912605e-01 9.463395e+01
9.711434e-01 -9.457979e-03 -2.383086e-01 -6.506249e+00 1.421599e-02 9.997323e-01 1.825496e-02 -2.135858e+00 2.380721e-01 -2.111597e-02 9.710178e-01 9.779370e+01
9.704074e-01 -9.735144e-03 -2.412770e-01 -6.728802e+00 1.463151e-02 9.997217e-01 1.851021e-02 -2.139986e+00 2.410296e-01 -2.149269e-02 9.702797e-01 9.866359e+01
9.717915e-01 -1.618504e-02 -2.352862e-01 -7.119884e+00 2.036133e-02 9.996750e-01 1.533102e-02 -1.951071e+00 2.349616e-01 -1.968929e-02 9.718052e-01 9.862959e+01
9.711324e-01 -1.506711e-02 -2.380649e-01 -7.328124e+00 1.952820e-02 9.996748e-01 1.639153e-02 -1.960505e+00 2.377406e-01 -2.056733e-02 9.711109e-01 9.945032e+01
9.725241e-01 -2.419776e-02 -2.315407e-01 -7.722791e+00 2.876950e-02 9.994517e-01 1.638826e-02 -1.884489e+00 2.310172e-01 -2.259929e-02 9.726871e-01 9.922589e+01
9.720532e-01 -2.219573e-02 -2.337086e-01 -7.933428e+00 2.693274e-02 9.994910e-01 1.709665e-02 -1.894688e+00 2.332102e-01 -2.291327e-02 9.721563e-01 1.000087e+02
9.628982e-01 -2.183492e-02 -2.689798e-01 -2.506280e+00 3.076168e-02 9.991054e-01 2.901696e-02 -2.419336e+00 2.681056e-01 -3.621465e-02 9.627086e-01 8.846511e+01
9.622396e-01 -2.035140e-02 -2.714418e-01 -2.713548e+00 2.892551e-02 9.991998e-01 2.762341e-02 -2.415357e+00 2.706624e-01 -3.443193e-02 9.620583e-01 8.917078e+01
9.707051e-01 -1.495280e-02 -2.398079e-01 -7.766218e+00 1.997771e-02 9.996285e-01 1.853659e-02 -2.204542e+00 2.394417e-01 -2.278437e-02 9.706434e-01 9.929487e+01
9.702262e-01 -1.310339e-02 -2.418455e-01 -7.945300e+00 1.720209e-02 9.997419e-01 1.484380e-02 -2.210609e+00 2.415886e-01 -1.856208e-02 9.702012e-01 9.994816e+01
9.704421e-01 -1.438603e-02 -2.409047e-01 -8.196233e+00 1.775143e-02 9.997728e-01 1.180538e-02 -2.179845e+00 2.406801e-01 -1.573284e-02 9.704770e-01 1.002659e+02
9.703155e-01 -1.245901e-02 -2.415218e-01 -8.359662e+00 1.552974e-02 9.998210e-01 1.081455e-02 -2.187389e+00 2.413438e-01 -1.424430e-02 9.703351e-01 1.008670e+02
9.696569e-01 -1.140263e-02 -2.442038e-01 -8.260217e+00 1.446425e-02 9.998376e-01 1.074750e-02 -2.185590e+00 2.440416e-01 -1.395362e-02 9.696644e-01 1.010753e+02
9.704357e-01 -7.287195e-03 -2.412497e-01 -8.410323e+00 1.058614e-02 9.998673e-01 1.238111e-02 -2.194126e+00 2.411274e-01 -1.456898e-02 9.703841e-01 1.016370e+02
9.694952e-01 -6.208766e-03 -2.450311e-01 -7.795164e+00 1.001166e-02 9.998479e-01 1.427751e-02 -2.182881e+00 2.449052e-01 -1.629515e-02 9.694101e-01 1.010816e+02
9.713217e-01 -4.793355e-03 -2.377206e-01 -7.926172e+00 8.955092e-03 9.998248e-01 1.643003e-02 -2.187277e+00 2.376002e-01 -1.808766e-02 9.711946e-01 1.015965e+02
9.727615e-01 -3.172297e-03 -2.317860e-01 -7.911531e+00 7.840833e-03 9.997845e-01 1.922314e-02 -2.190999e+00 2.316751e-01 -2.051693e-02 9.725769e-01 1.020830e+02
9.754703e-01 -3.203405e-03 -2.201075e-01 -8.020695e+00 7.983164e-03 9.997512e-01 2.082951e-02 -2.196648e+00 2.199860e-01 -2.207572e-02 9.752533e-01 1.025609e+02
9.782875e-01 -3.808128e-03 -2.072171e-01 -8.104238e+00 8.420007e-03 9.997360e-01 2.137891e-02 -2.199937e+00 2.070810e-01 -2.265950e-02 9.780615e-01 1.030088e+02
9.814672e-01 -9.887826e-03 -1.913745e-01 -8.354051e+00 1.392377e-02 9.997079e-01 1.975594e-02 -2.168755e+00 1.911232e-01 -2.205446e-02 9.813184e-01 1.038245e+02
9.847719e-01 -1.164281e-02 -1.734609e-01 -8.415382e+00 1.488795e-02 9.997375e-01 1.741873e-02 -2.173118e+00 1.732125e-01 -1.973595e-02 9.846867e-01 1.042479e+02
9.882508e-01 -1.290269e-02 -1.522955e-01 -8.472957e+00 1.515335e-02 9.997923e-01 1.362677e-02 -2.176545e+00 1.520880e-01 -1.577445e-02 9.882411e-01 1.046733e+02
9.910195e-01 -1.308743e-02 -1.330744e-01 -8.155538e+00 1.438042e-02 9.998583e-01 8.759770e-03 -2.124426e+00 1.329409e-01 -1.059477e-02 9.910672e-01 1.044962e+02
9.942612e-01 -1.585125e-02 -1.057984e-01 -8.178013e+00 1.668089e-02 9.998366e-01 6.961366e-03 -2.127291e+00 1.056707e-01 -8.686229e-03 9.943632e-01 1.049073e+02
9.969395e-01 -1.863176e-02 -7.592387e-02 -8.179275e+00 1.919699e-02 9.997931e-01 6.721461e-03 -2.128980e+00 7.578289e-02 -8.158396e-03 9.970909e-01 1.053152e+02
9.985527e-01 -1.776772e-02 -5.076220e-02 -7.847286e+00 1.791763e-02 9.998364e-01 2.499243e-03 -2.020614e+00 5.070932e-02 -3.405180e-03 9.987076e-01 1.051431e+02
9.996864e-01 -2.050175e-02 -1.437939e-02 -7.828357e+00 2.053356e-02 9.997870e-01 2.068255e-03 -2.029566e+00 1.433381e-02 -2.362879e-03 9.998944e-01 1.055536e+02
9.994027e-01 -2.364172e-02 2.520626e-02 -7.778793e+00 2.358508e-02 9.997186e-01 2.542343e-03 -2.028964e+00 -2.525930e-02 -1.946342e-03 9.996790e-01 1.059334e+02
9.946758e-01 -5.436208e-02 8.754911e-02 -8.133763e+00 5.279683e-02 9.984029e-01 2.009798e-02 -2.276457e+00 -8.850192e-02 -1.536867e-02 9.959574e-01 1.060243e+02
9.899131e-01 -5.350030e-02 1.311857e-01 -8.061834e+00 5.113386e-02 9.984637e-01 2.134414e-02 -2.273637e+00 -1.321260e-01 -1.442082e-02 9.911281e-01 1.063939e+02
9.826231e-01 -5.119209e-02 1.784136e-01 -7.977687e+00 4.782040e-02 9.985875e-01 2.315057e-02 -2.267233e+00 -1.793468e-01 -1.421648e-02 9.836832e-01 1.067533e+02
9.815479e-01 -5.478518e-02 1.832004e-01 -6.607643e+00 5.095362e-02 9.983738e-01 2.556050e-02 -2.576434e+00 -1.843028e-01 -1.575413e-02 9.827433e-01 1.099500e+02
9.713694e-01 -5.505178e-02 2.311081e-01 -6.496138e+00 4.964662e-02 9.983416e-01 2.914344e-02 -2.566736e+00 -2.323292e-01 -1.683531e-02 9.724916e-01 1.102858e+02
9.584814e-01 -5.636383e-02 2.795292e-01 -6.366104e+00 4.966572e-02 9.982849e-01 3.099316e-02 -2.556667e+00 -2.807967e-01 -1.582335e-02 9.596369e-01 1.106065e+02
9.104471e-01 3.619092e-02 4.120392e-01 -9.244572e+00 -3.068606e-02 9.993294e-01 -1.997050e-02 -1.788453e+00 -4.124856e-01 5.538232e-03 9.109472e-01 1.048704e+02
8.882290e-01 3.820082e-02 4.578100e-01 -9.059329e+00 -2.986221e-02 9.992301e-01 -2.544054e-02 -1.798909e+00 -4.584294e-01 8.925817e-03 8.886860e-01 1.051697e+02
8.628193e-01 4.251523e-02 5.037214e-01 -8.862820e+00 -3.094190e-02 9.990302e-01 -3.132034e-02 -1.819232e+00 -5.045645e-01 1.143771e-02 8.632982e-01 1.054569e+02
7.978152e-01 4.640819e-02 6.011133e-01 -8.739851e+00 5.557874e-02 9.871262e-01 -1.499756e-01 -4.334516e-01 -6.003348e-01 1.530619e-01 7.849652e-01 1.075442e+02
7.632401e-01 5.119096e-02 6.440838e-01 -8.487349e+00 5.979191e-02 9.869828e-01 -1.492977e-01 -4.838596e-01 -6.433423e-01 1.524609e-01 7.502442e-01 1.077921e+02
7.271043e-01 5.082516e-02 6.846432e-01 -8.206737e+00 7.229969e-02 9.860414e-01 -1.499835e-01 -4.961212e-01 -6.827094e-01 1.585531e-01 7.132803e-01 1.080294e+02
6.788299e-01 6.287769e-02 7.315985e-01 -8.212055e+00 7.420177e-02 9.853529e-01 -1.535365e-01 -2.317841e-01 -7.305370e-01 1.585111e-01 6.642216e-01 1.075247e+02
6.364060e-01 6.103967e-02 7.689353e-01 -7.897418e+00 8.198815e-02 9.858639e-01 -1.461170e-01 -2.890018e-01 -7.669846e-01 1.560334e-01 6.224054e-01 1.077343e+02
5.920560e-01 5.950038e-02 8.036972e-01 -7.565403e+00 9.093474e-02 9.859693e-01 -1.399831e-01 -3.263016e-01 -8.007501e-01 1.559619e-01 5.783386e-01 1.079316e+02
4.530976e-01 6.953198e-02 8.887452e-01 5.268725e+00 3.398723e-01 9.081806e-01 -2.443253e-01 -1.944431e+00 -8.241295e-01 4.127631e-01 3.878625e-01 1.155912e+02
4.007966e-01 6.569568e-02 9.138087e-01 5.640219e+00 3.544410e-01 9.086401e-01 -2.207820e-01 -2.026360e+00 -8.448276e-01 4.123799e-01 3.408947e-01 1.156901e+02
4.023794e-01 5.056156e-02 9.140756e-01 5.157287e+00 2.356466e-01 9.591086e-01 -1.567850e-01 -2.054706e+00 -8.846250e-01 2.784859e-01 3.740109e-01 1.150971e+02
3.511759e-01 5.539499e-02 9.346694e-01 5.516204e+00 2.401008e-01 9.595411e-01 -1.470802e-01 -2.109656e+00 -9.050012e-01 2.760659e-01 3.236673e-01 1.151965e+02
2.821039e-01 6.428439e-02 9.572277e-01 4.485897e+00 2.006407e-01 9.717359e-01 -1.243894e-01 -1.990214e+00 -9.381688e-01 2.271496e-01 2.612325e-01 1.151298e+02
2.352181e-01 6.642975e-02 9.696697e-01 4.882359e+00 2.069490e-01 9.713611e-01 -1.167464e-01 -2.031465e+00 -9.496550e-01 2.281331e-01 2.147343e-01 1.151856e+02
1.935222e-01 6.676901e-02 9.788212e-01 4.704452e+00 1.988711e-01 9.743004e-01 -1.057793e-01 -2.035864e+00 -9.607285e-01 2.151299e-01 1.752704e-01 1.151452e+02
1.582851e-01 6.725627e-02 9.851001e-01 5.174709e+00 2.101902e-01 9.725153e-01 -1.001702e-01 -2.068433e+00 -9.647621e-01 2.229139e-01 1.397982e-01 1.151969e+02
1.278660e-01 6.861260e-02 9.894152e-01 5.649712e+00 2.166180e-01 9.715869e-01 -9.537063e-02 -2.110112e+00 -9.678465e-01 2.265198e-01 1.093702e-01 1.152349e+02
9.630080e-02 6.524055e-02 9.932119e-01 4.839125e+00 2.055451e-01 9.750380e-01 -8.397622e-02 -2.059658e+00 -9.738979e-01 2.122368e-01 8.048707e-02 1.151499e+02
7.006174e-02 6.160320e-02 9.956387e-01 5.309662e+00 2.005397e-01 9.768448e-01 -7.455206e-02 -2.099691e+00 -9.771771e-01 2.048883e-01 5.608556e-02 1.151753e+02
3.991800e-02 5.633668e-02 9.976136e-01 4.976323e+00 1.892125e-01 9.799188e-01 -6.290850e-02 -2.086328e+00 -9.811244e-01 1.912722e-01 2.845680e-02 1.151578e+02
1.735991e-02 5.407212e-02 9.983861e-01 5.497400e+00 1.939358e-01 9.793907e-01 -5.641549e-02 -2.123969e+00 -9.808606e-01 1.946023e-01 6.515609e-03 1.151446e+02
-6.147337e-03 5.307323e-02 9.985717e-01 5.115431e+00 1.957038e-01 9.793439e-01 -5.084653e-02 -2.113259e+00 -9.806439e-01 1.951117e-01 -1.640699e-02 1.151622e+02
-2.345057e-02 5.570892e-02 9.981716e-01 5.666394e+00 2.009189e-01 9.783370e-01 -4.988165e-02 -2.146424e+00 -9.793272e-01 1.993817e-01 -3.413553e-02 1.151275e+02
-4.091601e-02 5.758805e-02 9.975015e-01 5.210384e+00 1.827161e-01 9.819343e-01 -4.919457e-02 -2.152366e+00 -9.823140e-01 1.802467e-01 -5.069908e-02 1.150985e+02
-5.202830e-02 6.223203e-02 9.967046e-01 5.814062e+00 1.803542e-01 9.822309e-01 -5.191377e-02 -2.181445e+00 -9.822248e-01 1.770588e-01 -6.232760e-02 1.150685e+02
-5.097275e-02 5.764292e-02 9.970352e-01 6.011377e+00 2.056917e-01 9.775351e-01 -4.599970e-02 -2.347849e+00 -9.772885e-01 2.027371e-01 -6.168432e-02 1.150719e+02
-5.334866e-02 5.475450e-02 9.970736e-01 6.651709e+00 2.117575e-01 9.764068e-01 -4.228945e-02 -2.379539e+00 -9.758651e-01 2.088817e-01 -6.368467e-02 1.150212e+02
-6.363275e-02 5.377267e-02 9.965236e-01 5.143984e+00 2.129736e-01 9.762760e-01 -3.908074e-02 -2.120153e+00 -9.749835e-01 2.097464e-01 -7.357530e-02 1.151596e+02
-6.183874e-02 5.348012e-02 9.966523e-01 5.812019e+00 2.115237e-01 9.765833e-01 -3.927893e-02 -2.154648e+00 -9.754145e-01 2.083866e-01 -7.170299e-02 1.151167e+02
-5.963089e-02 5.202265e-02 9.968639e-01 5.108611e+00 2.054609e-01 9.778983e-01 -3.874252e-02 -2.111414e+00 -9.768469e-01 2.025063e-01 -6.900156e-02 1.151629e+02
-5.859242e-02 5.345343e-02 9.968498e-01 5.821259e+00 2.046953e-01 9.779913e-01 -4.041069e-02 -2.143152e+00 -9.770704e-01 2.016827e-01 -6.824454e-02 1.151244e+02
-5.550638e-02 5.120747e-02 9.971445e-01 5.149031e+00 1.715505e-01 9.843218e-01 -4.099956e-02 -2.119211e+00 -9.836104e-01 1.687848e-01 -6.342082e-02 1.151622e+02
-5.482695e-02 5.103611e-02 9.971908e-01 5.892805e+00 1.708987e-01 9.844357e-01 -4.098705e-02 -2.150361e+00 -9.837620e-01 1.681714e-01 -6.269563e-02 1.151239e+02
-5.334248e-02 4.839605e-02 9.974029e-01 5.122219e+00 1.601919e-01 9.863036e-01 -3.929021e-02 -2.113498e+00 -9.856436e-01 1.576800e-01 -6.036452e-02 1.151616e+02
-5.298704e-02 4.726591e-02 9.974760e-01 5.889801e+00 1.609217e-01 9.862282e-01 -3.818459e-02 -2.151744e+00 -9.855438e-01 1.584922e-01 -5.986342e-02 1.151205e+02
-5.675072e-02 4.157930e-02 9.975223e-01 6.112743e+00 1.434427e-01 9.891061e-01 -3.306778e-02 -2.294811e+00 -9.880302e-01 1.412107e-01 -6.209671e-02 1.152120e+02
-5.783613e-02 3.982010e-02 9.975317e-01 6.912182e+00 1.411724e-01 9.894897e-01 -3.131399e-02 -2.332653e+00 -9.882941e-01 1.390129e-01 -6.284975e-02 1.151676e+02
-4.059824e-02 3.000932e-02 9.987248e-01 7.899690e+00 1.234143e-01 9.920456e-01 -2.479180e-02 -2.786112e+00 -9.915245e-01 1.222504e-01 -4.397888e-02 1.142756e+02
-4.160510e-02 2.758632e-02 9.987532e-01 8.714699e+00 1.260244e-01 9.917800e-01 -2.214389e-02 -2.814594e+00 -9.911543e-01 1.249460e-01 -4.473966e-02 1.142384e+02
-7.601285e-03 2.257373e-02 9.997164e-01 7.185087e+00 1.095271e-01 9.937490e-01 -2.160620e-02 -2.714132e+00 -9.939548e-01 1.093318e-01 -1.002620e-02 1.127409e+02
-9.493335e-03 2.173035e-02 9.997188e-01 8.046599e+00 1.067254e-01 9.940753e-01 -2.059421e-02 -2.750139e+00 -9.942432e-01 1.064999e-01 -1.175627e-02 1.127486e+02
9.278411e-03 4.441334e-02 9.989702e-01 1.105248e+01 1.189791e-01 9.918674e-01 -4.520264e-02 -1.973593e+00 -9.928533e-01 1.192759e-01 3.918696e-03 1.120025e+02
8.722720e-03 4.900104e-02 9.987606e-01 1.188895e+01 1.202809e-01 9.914953e-01 -4.969508e-02 -2.023001e+00 -9.927015e-01 1.205653e-01 2.754644e-03 1.120045e+02
-3.910754e-03 6.208951e-02 9.980630e-01 1.824951e+01 1.257263e-01 9.901812e-01 -6.110656e-02 -2.249053e+00 -9.920572e-01 1.252438e-01 -1.167862e-02 1.125798e+02
-5.638742e-03 6.001971e-02 9.981813e-01 1.910804e+01 1.223742e-01 9.907358e-01 -5.888073e-02 -2.313435e+00 -9.924680e-01 1.218197e-01 -1.293135e-02 1.125834e+02
2.175945e-02 3.913554e-02 9.989971e-01 1.248697e+01 1.030339e-01 9.938251e-01 -4.117715e-02 -2.148844e+00 -9.944398e-01 1.038265e-01 1.759282e-02 1.109903e+02
2.135585e-02 3.402997e-02 9.991927e-01 1.333419e+01 1.014374e-01 9.941893e-01 -3.602761e-02 -2.197333e+00 -9.946127e-01 1.021249e-01 1.777985e-02 1.110129e+02
2.466191e-02 2.895478e-02 9.992765e-01 1.398090e+01 1.042911e-01 9.940516e-01 -3.137725e-02 -2.283313e+00 -9.942409e-01 1.049894e-01 2.149550e-02 1.110333e+02
2.459134e-02 2.777677e-02 9.993116e-01 1.483259e+01 1.018177e-01 9.943462e-01 -3.014430e-02 -2.332001e+00 -9.944991e-01 1.024889e-01 2.162415e-02 1.110611e+02
2.618486e-02 4.189847e-02 9.987788e-01 1.901086e+01 1.422545e-01 9.887970e-01 -4.520921e-02 -2.311767e+00 -9.894837e-01 1.432645e-01 1.993127e-02 1.109005e+02
2.720896e-02 5.303653e-02 9.982218e-01 1.983869e+01 1.444917e-01 9.878958e-01 -5.642637e-02 -2.364465e+00 -9.891319e-01 1.457700e-01 1.921627e-02 1.109203e+02
2.730894e-02 5.669789e-02 9.980179e-01 2.199113e+01 1.404069e-01 9.882749e-01 -5.998639e-02 -2.397008e+00 -9.897173e-01 1.417668e-01 1.902797e-02 1.107169e+02
2.861461e-02 5.107901e-02 9.982846e-01 2.282803e+01 1.418026e-01 9.883859e-01 -5.463713e-02 -2.458109e+00 -9.894813e-01 1.431228e-01 2.103914e-02 1.107356e+02
3.002214e-02 3.937265e-02 9.987736e-01 2.175844e+01 1.202949e-01 9.918189e-01 -4.271443e-02 -2.410910e+00 -9.922842e-01 1.214297e-01 2.504019e-02 1.108638e+02
3.014109e-02 3.637088e-02 9.988837e-01 2.258955e+01 1.209849e-01 9.918575e-01 -3.976573e-02 -2.465573e+00 -9.921967e-01 1.220484e-01 2.549533e-02 1.108911e+02
-1.405248e-02 4.063968e-02 9.990751e-01 2.617132e+01 7.806958e-02 9.961680e-01 -3.942334e-02 -2.730610e+00 -9.968490e-01 7.744339e-02 -1.717136e-02 1.130344e+02
-1.528979e-02 4.152515e-02 9.990205e-01 2.698484e+01 7.498731e-02 9.963710e-01 -4.026736e-02 -2.781419e+00 -9.970674e-01 7.429818e-02 -1.834817e-02 1.130308e+02
-1.596075e-02 5.852608e-02 9.981584e-01 2.917240e+01 9.871270e-02 9.935007e-01 -5.667457e-02 -2.143608e+00 -9.949881e-01 9.762631e-02 -2.163428e-02 1.132785e+02
-1.826650e-02 5.838880e-02 9.981269e-01 2.997043e+01 9.799138e-02 9.935918e-01 -5.633020e-02 -2.208999e+00 -9.950196e-01 9.677886e-02 -2.387105e-02 1.132639e+02
-2.330317e-02 5.370791e-02 9.982846e-01 3.179004e+01 8.943825e-02 9.946639e-01 -5.142534e-02 -2.675848e+00 -9.957196e-01 8.808647e-02 -2.798236e-02 1.132540e+02
-2.564082e-02 5.388271e-02 9.982179e-01 3.258660e+01 8.738457e-02 9.948448e-01 -5.145603e-02 -2.737373e+00 -9.958446e-01 8.590947e-02 -3.021715e-02 1.132379e+02
-2.525670e-02 4.775086e-02 9.985399e-01 3.348935e+01 8.675089e-02 9.951952e-01 -4.539667e-02 -3.102193e+00 -9.959097e-01 8.547766e-02 -2.927778e-02 1.131290e+02
-2.741892e-02 4.654537e-02 9.985398e-01 3.427825e+01 8.738831e-02 9.952026e-01 -4.399021e-02 -3.156776e+00 -9.957968e-01 8.605453e-02 -3.135490e-02 1.131079e+02
1.643172e-02 4.202389e-02 9.989814e-01 3.913036e+01 1.103053e-01 9.929416e-01 -4.358418e-02 -4.048276e+00 -9.937619e-01 1.109091e-01 1.168026e-02 1.110831e+02
1.444781e-02 4.298340e-02 9.989713e-01 3.990830e+01 1.101046e-01 9.929316e-01 -4.431593e-02 -4.098946e+00 -9.938150e-01 1.106316e-01 9.613003e-03 1.110938e+02
-3.557620e-02 3.488665e-02 9.987579e-01 3.707104e+01 8.775497e-02 9.956390e-01 -3.165183e-02 -4.039971e+00 -9.955066e-01 8.651993e-02 -3.848255e-02 1.130754e+02
-3.651251e-02 3.086909e-02 9.988564e-01 3.754325e+01 8.754866e-02 9.957784e-01 -2.757369e-02 -4.147841e+00 -9.954907e-01 8.644174e-02 -3.906094e-02 1.130515e+02
-3.812764e-02 3.025067e-02 9.988149e-01 3.831140e+01 8.756036e-02 9.957981e-01 -2.681687e-02 -4.185136e+00 -9.954292e-01 8.643413e-02 -4.061619e-02 1.130235e+02
-3.759143e-02 2.605900e-02 9.989533e-01 3.854820e+01 8.694179e-02 9.959545e-01 -2.270909e-02 -4.357076e+00 -9.955039e-01 8.599712e-02 -3.970497e-02 1.129880e+02
-3.903936e-02 2.515434e-02 9.989209e-01 3.929727e+01 8.517194e-02 9.961287e-01 -2.175538e-02 -4.389705e+00 -9.956012e-01 8.423072e-02 -4.103067e-02 1.129643e+02
-1.301110e-02 2.597396e-02 9.995779e-01 3.488159e+01 7.967620e-02 9.965108e-01 -2.485714e-02 -3.950777e+00 -9.967360e-01 7.931915e-02 -1.503520e-02 1.119097e+02
-1.372336e-02 2.584090e-02 9.995718e-01 3.559598e+01 7.995889e-02 9.964930e-01 -2.466351e-02 -3.983441e+00 -9.967038e-01 7.958619e-02 -1.574143e-02 1.119011e+02
-7.265754e-02 3.406178e-03 9.973511e-01 4.234625e+01 5.573565e-02 9.984453e-01 6.504561e-04 -5.384358e+00 -9.957984e-01 5.563527e-02 -7.273444e-02 1.138439e+02
-7.286803e-02 6.126863e-03 9.973228e-01 4.303444e+01 5.504091e-02 9.984818e-01 -2.112490e-03 -5.401339e+00 -9.958216e-01 5.473961e-02 -7.309463e-02 1.137956e+02
-6.669960e-02 3.308807e-02 9.972242e-01 4.507288e+01 6.851501e-02 9.972427e-01 -2.850604e-02 -4.634850e+00 -9.954179e-01 6.642348e-02 -6.878271e-02 1.136935e+02
-6.694263e-02 3.395712e-02 9.971787e-01 4.575849e+01 6.845247e-02 9.972221e-01 -2.936324e-02 -4.669493e+00 -9.954059e-01 6.629370e-02 -6.908112e-02 1.136488e+02
-6.497918e-02 3.462600e-02 9.972856e-01 4.646638e+01 7.281259e-02 9.968983e-01 -2.986836e-02 -4.668817e+00 -9.952267e-01 7.067412e-02 -6.729885e-02 1.135408e+02
-6.562819e-02 3.435862e-02 9.972524e-01 4.716061e+01 7.353173e-02 9.968563e-01 -2.950591e-02 -4.700860e+00 -9.951311e-01 7.139326e-02 -6.794833e-02 1.135019e+02
-6.854526e-02 4.421482e-02 9.966677e-01 4.938059e+01 7.745874e-02 9.962375e-01 -3.886855e-02 -4.484960e+00 -9.946366e-01 7.453636e-02 -7.171217e-02 1.134417e+02
-5.920235e-02 3.552512e-02 9.976137e-01 4.881555e+01 6.434988e-02 9.974238e-01 -3.169959e-02 -4.644102e+00 -9.961698e-01 6.231963e-02 -6.133588e-02 1.130505e+02
-5.719758e-02 4.233924e-02 9.974646e-01 4.945843e+01 7.717588e-02 9.962983e-01 -3.786425e-02 -4.481708e+00 -9.953756e-01 7.481446e-02 -6.025339e-02 1.130230e+02
-5.997619e-02 3.918609e-02 9.974303e-01 5.041443e+01 8.558469e-02 9.957516e-01 -3.397386e-02 -4.676842e+00 -9.945241e-01 8.332715e-02 -6.307511e-02 1.130988e+02
-5.896978e-02 3.820038e-02 9.975286e-01 5.061744e+01 8.482475e-02 9.958452e-01 -3.312142e-02 -4.693841e+00 -9.946493e-01 8.266195e-02 -6.196512e-02 1.129326e+02
-6.635798e-02 3.808610e-02 9.970687e-01 5.011782e+01 8.579328e-02 9.957884e-01 -3.232739e-02 -4.666045e+00 -9.941007e-01 8.339662e-02 -6.934602e-02 1.131134e+02
-6.693204e-02 4.295278e-02 9.968326e-01 5.022693e+01 9.730310e-02 9.945918e-01 -3.632284e-02 -4.657661e+00 -9.930015e-01 9.456374e-02 -7.074947e-02 1.129980e+02
-8.251445e-02 4.341251e-02 9.956439e-01 5.006454e+01 8.282120e-02 9.958935e-01 -3.655956e-02 -4.644991e+00 -9.931425e-01 7.944372e-02 -8.577109e-02 1.132185e+02
-7.440098e-02 4.720071e-02 9.961107e-01 5.114778e+01 8.824179e-02 9.952726e-01 -4.057008e-02 -4.599007e+00 -9.933167e-01 8.488015e-02 -7.821428e-02 1.125936e+02
-8.093246e-02 4.651005e-02 9.956339e-01 5.182141e+01 8.472881e-02 9.956161e-01 -3.962182e-02 -4.636411e+00 -9.931118e-01 8.115217e-02 -8.451841e-02 1.125447e+02
-7.933156e-02 4.900466e-02 9.956429e-01 5.548791e+01 9.235143e-02 9.948568e-01 -4.160750e-02 -4.682331e+00 -9.925612e-01 8.864827e-02 -8.344930e-02 1.117602e+02
-8.413577e-02 4.984515e-02 9.952067e-01 5.617855e+01 9.021555e-02 9.950274e-01 -4.220924e-02 -4.719374e+00 -9.923620e-01 8.623184e-02 -8.821418e-02 1.117064e+02
-8.298876e-02 5.228466e-02 9.951780e-01 5.616290e+01 8.947225e-02 9.949806e-01 -4.481311e-02 -4.626813e+00 -9.925258e-01 8.532182e-02 -8.725032e-02 1.114914e+02
-8.585117e-02 4.936967e-02 9.950841e-01 5.688306e+01 9.025074e-02 9.950507e-01 -4.158160e-02 -4.664795e+00 -9.922118e-01 8.623724e-02 -8.988188e-02 1.114361e+02
-1.913504e-01 5.317897e-02 9.800801e-01 6.708408e+01 6.546993e-02 9.969988e-01 -4.131466e-02 -5.427790e+00 -9.793359e-01 5.626020e-02 -1.942578e-01 1.141734e+02
-1.931254e-01 5.056016e-02 9.798705e-01 6.780140e+01 6.525055e-02 9.971224e-01 -3.858992e-02 -5.470399e+00 -9.790020e-01 5.648439e-02 -1.958689e-01 1.140396e+02
-1.694405e-01 1.647079e-02 9.854029e-01 6.370722e+01 2.756006e-02 9.995485e-01 -1.196824e-02 -6.107105e+00 -9.851549e-01 2.512985e-02 -1.698181e-01 1.144321e+02
-1.701369e-01 2.045333e-02 9.852082e-01 6.442898e+01 2.955940e-02 9.994407e-01 -1.564415e-02 -6.127548e+00 -9.849770e-01 2.646051e-02 -1.706463e-01 1.143152e+02
-1.035855e-01 4.012019e-02 9.938110e-01 5.381647e+01 8.540961e-02 9.958541e-01 -3.130039e-02 -4.737590e+00 -9.909466e-01 8.163875e-02 -1.065825e-01 1.124435e+02
-1.042311e-01 4.498646e-02 9.935351e-01 5.455613e+01 9.244394e-02 9.950898e-01 -3.535863e-02 -4.774233e+00 -9.902473e-01 8.816084e-02 -1.078780e-01 1.123604e+02
-1.098454e-01 4.850298e-02 9.927646e-01 5.686444e+01 9.756509e-02 9.945114e-01 -3.779312e-02 -4.838865e+00 -9.891486e-01 9.270777e-02 -1.139747e-01 1.120392e+02
-1.106213e-01 4.619551e-02 9.927884e-01 5.761702e+01 9.478226e-02 9.948566e-01 -3.573063e-02 -4.879117e+00 -9.893327e-01 9.014617e-02 -1.144309e-01 1.119641e+02
-1.015407e-01 4.203849e-02 9.939429e-01 5.534078e+01 1.130354e-01 9.931239e-01 -3.045623e-02 -4.790166e+00 -9.883888e-01 1.092582e-01 -1.055943e-01 1.121609e+02
-1.018039e-01 3.995047e-02 9.940020e-01 5.608482e+01 1.146322e-01 9.930084e-01 -2.817012e-02 -4.829160e+00 -9.881778e-01 1.110768e-01 -1.056717e-01 1.120827e+02
-1.038261e-01 3.367414e-02 9.940254e-01 5.990621e+01 9.675071e-02 9.950287e-01 -2.360248e-02 -5.327601e+00 -9.898784e-01 9.372210e-02 -1.065681e-01 1.115810e+02
-1.047813e-01 3.421213e-02 9.939067e-01 6.044375e+01 9.566464e-02 9.951202e-01 -2.416860e-02 -5.391668e+00 -9.898834e-01 9.254931e-02 -1.075429e-01 1.114715e+02
-1.043581e-01 4.754144e-02 9.934028e-01 6.298264e+01 1.109916e-01 9.931738e-01 -3.587068e-02 -5.049049e+00 -9.883270e-01 1.065160e-01 -1.089224e-01 1.111912e+02
-1.150657e-01 2.511610e-02 9.930404e-01 6.074547e+01 8.101360e-02 9.965875e-01 -1.581859e-02 -5.781495e+00 -9.900488e-01 7.862960e-02 -1.167078e-01 1.116019e+02
-1.121706e-01 2.748090e-02 9.933089e-01 6.319172e+01 8.482985e-02 9.962332e-01 -1.798227e-02 -5.860432e+00 -9.900613e-01 8.224516e-02 -1.140793e-01 1.111043e+02
-1.220497e-01 3.074885e-02 9.920476e-01 6.414893e+01 8.894519e-02 9.958373e-01 -1.992355e-02 -5.821003e+00 -9.885306e-01 8.580620e-02 -1.242766e-01 1.112859e+02
-1.397479e-01 4.443979e-02 9.891895e-01 6.880561e+01 9.573054e-02 9.949190e-01 -3.117287e-02 -5.523685e+00 -9.855487e-01 9.033929e-02 -1.432919e-01 1.120201e+02
-1.404300e-01 5.181387e-02 9.887339e-01 6.910819e+01 1.000317e-01 9.942622e-01 -3.789606e-02 -5.220805e+00 -9.850243e-01 9.358302e-02 -1.448073e-01 1.120213e+02
-1.413686e-01 5.210679e-02 9.885848e-01 6.986465e+01 9.857104e-02 9.943920e-01 -3.831711e-02 -5.263010e+00 -9.850374e-01 9.202903e-02 -1.457121e-01 1.119159e+02
-1.481589e-01 4.839541e-02 9.877786e-01 7.096844e+01 9.695538e-02 9.947013e-01 -3.419206e-02 -5.554230e+00 -9.841995e-01 9.070462e-02 -1.520660e-01 1.120585e+02
-1.492128e-01 4.661793e-02 9.877055e-01 7.173562e+01 9.691134e-02 9.947684e-01 -3.231089e-02 -5.594949e+00 -9.840446e-01 9.089867e-02 -1.529499e-01 1.119429e+02
-1.381183e-01 2.495926e-02 9.901011e-01 7.449292e+01 8.491837e-02 9.962994e-01 -1.326947e-02 -6.793965e+00 -9.867685e-01 8.224502e-02 -1.397267e-01 1.106923e+02
-1.401048e-01 2.279991e-02 9.898741e-01 7.527194e+01 8.159023e-02 9.966005e-01 -1.140672e-02 -6.818133e+00 -9.867693e-01 7.916592e-02 -1.414889e-01 1.105923e+02
-1.552655e-01 4.050687e-02 9.870420e-01 7.461595e+01 9.114682e-02 9.954844e-01 -2.651559e-02 -5.769314e+00 -9.836588e-01 8.584879e-02 -1.582565e-01 1.115618e+02
-1.572641e-01 4.099255e-02 9.867054e-01 7.539553e+01 9.175023e-02 9.954232e-01 -2.673130e-02 -5.810062e+00 -9.832852e-01 8.632658e-02 -1.603055e-01 1.114433e+02
