1.000000e+00 0.000000e+00 0.000000e+00 0.000000e+00 0.000000e+00 1.000000e+00 0.000000e+00 0.000000e+00 0.000000e+00 0.000000e+00 1.000000e+00 0.000000e+00
9.999949e-01 -2.277316e-03 -2.213171e-03 -1.781150e-02 2.272067e-03 9.999946e-01 -2.371359e-03 -2.379598e-02 2.218559e-03 2.366319e-03 9.999948e-01 1.123629e+00
9.999698e-01 -4.757879e-03 -6.142668e-03 -2.186554e-02 4.723552e-03 9.999732e-01 -5.590769e-03 -4.697131e-02 6.169104e-03 5.561585e-03 9.999655e-01 2.258541e+00
9.999204e-01 -8.482329e-03 -9.346505e-03 -2.416928e-02 8.405090e-03 9.999304e-01 -8.272419e-03 -7.309596e-02 9.416024e-03 8.193201e-03 9.999221e-01 3.403767e+00
9.998840e-01 -9.003252e-03 -1.228622e-02 -2.819659e-02 8.904769e-03 9.999280e-01 -8.047037e-03 -1.002642e-01 1.235778e-02 7.936697e-03 9.998921e-01 4.598774e+00
9.998690e-01 -6.594667e-03 -1.478066e-02 -4.936291e-02 6.379028e-03 9.998732e-01 -1.458921e-02 -1.328979e-01 1.487500e-02 1.449301e-02 9.997843e-01 5.793530e+00
9.998543e-01 -3.280287e-03 -1.675200e-02 -1.008693e-01 2.971055e-03 9.998254e-01 -1.845105e-02 -1.550778e-01 1.680960e-02 1.839859e-02 9.996894e-01 7.029265e+00
9.998328e-01 1.163218e-04 -1.828394e-02 -1.519994e-01 -1.391070e-04 9.999992e-01 -1.244924e-03 -1.793334e-01 1.828378e-02 1.247259e-03 9.998320e-01 8.343565e+00
9.997956e-01 3.443504e-03 -1.992589e-02 -2.070211e-01 -3.355603e-03 9.999845e-01 4.443175e-03 -2.073659e-01 1.994088e-02 -4.375403e-03 9.997916e-01 9.690559e+00
9.997606e-01 5.219390e-03 -2.124702e-02 -2.683204e-01 -5.407944e-03 9.999464e-01 -8.826628e-03 -2.185007e-01 2.119981e-02 8.939418e-03 9.997353e-01 1.108688e+01
9.997519e-01 2.211944e-03 -2.216663e-02 -3.310880e-01 -2.161476e-03 9.999950e-01 2.300446e-03 -2.426201e-01 2.217161e-02 -2.251962e-03 9.997516e-01 1.259103e+01
9.997429e-01 8.012501e-04 -2.265866e-02 -3.928321e-01 -5.214965e-04 9.999236e-01 1.234965e-02 -2.591766e-01 2.266682e-02 -1.233466e-02 9.996670e-01 1.417134e+01
9.997535e-01 -1.522025e-03 -2.215052e-02 -4.413144e-01 1.719593e-03 9.999589e-01 8.903021e-03 -2.631234e-01 2.213606e-02 -8.938916e-03 9.997150e-01 1.580269e+01
9.997870e-01 -2.117145e-03 -2.052883e-02 -4.893501e-01 2.117037e-03 9.999977e-01 -2.698029e-05 -2.735223e-01 2.052885e-02 -1.648576e-05 9.997892e-01 1.750714e+01
9.998233e-01 -3.917729e-03 -1.838649e-02 -5.384793e-01 3.700105e-03 9.999229e-01 -1.185518e-02 -2.950062e-01 1.843152e-02 1.178505e-02 9.997607e-01 1.927981e+01
9.998260e-01 -2.582666e-03 -1.847616e-02 -5.859210e-01 2.360536e-03 9.999248e-01 -1.203427e-02 -3.336556e-01 1.850585e-02 1.198856e-02 9.997569e-01 2.111897e+01
9.998328e-01 1.877257e-03 -1.818753e-02 -6.452119e-01 -2.155882e-03 9.998804e-01 -1.531211e-02 -3.837307e-01 1.815661e-02 1.534876e-02 9.997174e-01 2.302643e+01
9.998106e-01 7.294131e-03 -1.804208e-02 -7.109323e-01 -7.582625e-03 9.998437e-01 -1.597365e-02 -4.360999e-01 1.792275e-02 1.610743e-02 9.997096e-01 2.498130e+01
9.997980e-01 8.192894e-03 -1.835175e-02 -7.694693e-01 -8.485900e-03 9.998369e-01 -1.594556e-02 -4.938779e-01 1.821812e-02 1.609807e-02 9.997044e-01 2.697584e+01
9.997800e-01 9.195752e-03 -1.885203e-02 -7.941582e-01 -9.475780e-03 9.998453e-01 -1.481882e-02 -5.234919e-01 1.871284e-02 1.499419e-02 9.997125e-01 2.798357e+01
9.997683e-01 9.827523e-03 -1.915193e-02 -8.218420e-01 -1.007591e-02 9.998658e-01 -1.291606e-02 -5.506939e-01 1.902242e-02 1.310604e-02 9.997332e-01 2.899652e+01
9.997560e-01 1.030658e-02 -1.953673e-02 -8.472751e-01 -1.053671e-02 9.998759e-01 -1.171344e-02 -5.794564e-01 1.941358e-02 1.191643e-02 9.997405e-01 3.001249e+01
9.997532e-01 1.011871e-02 -1.977706e-02 -8.741967e-01 -1.036865e-02 9.998671e-01 -1.257643e-02 -6.100234e-01 1.964717e-02 1.277839e-02 9.997253e-01 3.103602e+01
9.997330e-01 1.115941e-02 -2.023546e-02 -8.967502e-01 -1.143223e-02 9.998446e-01 -1.341724e-02 -6.378638e-01 2.008259e-02 1.364500e-02 9.997052e-01 3.207283e+01
9.997155e-01 1.093595e-02 -2.119583e-02 -9.154524e-01 -1.120028e-02 9.998605e-01 -1.239282e-02 -6.644373e-01 2.105735e-02 1.262669e-02 9.996985e-01 3.311621e+01
9.997126e-01 1.043184e-02 -2.158188e-02 -9.435461e-01 -1.064530e-02 9.998953e-01 -9.799466e-03 -6.878856e-01 2.147740e-02 1.002640e-02 9.997191e-01 3.416507e+01
9.997090e-01 1.080931e-02 -2.156914e-02 -9.808722e-01 -1.094349e-02 9.999214e-01 -6.112971e-03 -7.118247e-01 2.150137e-02 6.347233e-03 9.997486e-01 3.521987e+01
9.997059e-01 1.081332e-02 -2.170874e-02 -1.016500e+00 -1.089727e-02 9.999336e-01 -3.752410e-03 -7.359934e-01 2.166672e-02 3.987873e-03 9.997573e-01 3.627698e+01
9.997017e-01 1.067281e-02 -2.196608e-02 -1.047141e+00 -1.074645e-02 9.999370e-01 -3.237030e-03 -7.584476e-01 2.193015e-02 3.472122e-03 9.997535e-01 3.735012e+01
9.997000e-01 1.005277e-02 -2.233532e-02 -1.078397e+00 -1.016094e-02 9.999372e-01 -4.734758e-03 -7.777510e-01 2.228632e-02 4.960285e-03 9.997393e-01 3.842966e+01
9.996828e-01 1.009523e-02 -2.307387e-02 -1.104768e+00 -1.022020e-02 9.999337e-01 -5.304769e-03 -7.964132e-01 2.301878e-02 5.538906e-03 9.997197e-01 3.951544e+01
9.996749e-01 9.951849e-03 -2.347324e-02 -1.139614e+00 -1.005541e-02 9.999402e-01 -4.297943e-03 -8.153659e-01 2.342907e-02 4.532579e-03 9.997152e-01 4.060199e+01
9.996654e-01 1.011973e-02 -2.380310e-02 -1.181774e+00 -1.017922e-02 9.999453e-01 -2.379168e-03 -8.368821e-01 2.377772e-02 2.620669e-03 9.997138e-01 4.169456e+01
9.996646e-01 9.873949e-03 -2.394098e-02 -1.224571e+00 -9.873590e-03 9.999512e-01 1.332265e-04 -8.571241e-01 2.394112e-02 1.032015e-04 9.997134e-01 4.278423e+01
9.996495e-01 1.125274e-02 -2.396189e-02 -1.270909e+00 -1.125959e-02 9.999366e-01 -1.510464e-04 -8.777592e-01 2.395867e-02 4.207945e-04 9.997129e-01 4.387556e+01
9.996279e-01 1.257801e-02 -2.420127e-02 -1.311687e+00 -1.267907e-02 9.999115e-01 -4.026672e-03 -8.989073e-01 2.414848e-02 4.332024e-03 9.996990e-01 4.496567e+01
9.996138e-01 1.403631e-02 -2.398681e-02 -1.354319e+00 -1.423817e-02 9.998645e-01 -8.265375e-03 -9.184784e-01 2.386754e-02 8.603711e-03 9.996781e-01 4.605362e+01
9.996092e-01 1.484078e-02 -2.368741e-02 -1.396860e+00 -1.505291e-02 9.998479e-01 -8.802363e-03 -9.412309e-01 2.355317e-02 9.155488e-03 9.996806e-01 4.714682e+01
9.995995e-01 1.563743e-02 -2.358538e-02 -1.431010e+00 -1.579111e-02 9.998552e-01 -6.343796e-03 -9.655046e-01 2.348276e-02 6.713695e-03 9.997017e-01 4.824207e+01
9.995925e-01 1.649719e-02 -2.329454e-02 -1.456523e+00 -1.660711e-02 9.998518e-01 -4.533127e-03 -9.879112e-01 2.321631e-02 4.918135e-03 9.997184e-01 4.930695e+01
9.996079e-01 1.521960e-02 -2.350586e-02 -1.481746e+00 -1.530516e-02 9.998769e-01 -3.464706e-03 -1.011216e+00 2.345023e-02 3.823109e-03 9.997177e-01 5.039669e+01
9.996195e-01 1.530723e-02 -2.294451e-02 -1.517102e+00 -1.541462e-02 9.998710e-01 -4.510631e-03 -1.036471e+00 2.287251e-02 4.862596e-03 9.997266e-01 5.149351e+01
9.996504e-01 1.480066e-02 -2.190852e-02 -1.560067e+00 -1.494387e-02 9.998679e-01 -6.387633e-03 -1.061088e+00 2.181108e-02 6.712798e-03 9.997396e-01 5.259205e+01
9.996563e-01 1.520401e-02 -2.135732e-02 -1.596794e+00 -1.539174e-02 9.998441e-01 -8.652839e-03 -1.089488e+00 2.122243e-02 8.978591e-03 9.997345e-01 5.369566e+01
9.996843e-01 1.425519e-02 -2.068745e-02 -1.636163e+00 -1.449055e-02 9.998315e-01 -1.127188e-02 -1.120097e+00 2.052328e-02 1.156810e-02 9.997224e-01 5.479699e+01
9.997122e-01 1.276935e-02 -2.031125e-02 -1.666367e+00 -1.306892e-02 9.998068e-01 -1.468517e-02 -1.154812e+00 2.011980e-02 1.494638e-02 9.996858e-01 5.588806e+01
9.997352e-01 1.115766e-02 -2.012716e-02 -1.692281e+00 -1.148954e-02 9.997987e-01 -1.644997e-02 -1.190141e+00 1.993957e-02 1.667687e-02 9.996621e-01 5.698672e+01
9.997550e-01 9.534119e-03 -1.997406e-02 -1.718696e+00 -9.817085e-03 9.998522e-01 -1.411686e-02 -1.226880e+00 1.983651e-02 1.430949e-02 9.997008e-01 5.808235e+01
9.997685e-01 8.065979e-03 -1.994604e-02 -1.743257e+00 -8.232590e-03 9.999318e-01 -8.285159e-03 -1.256727e+00 1.987785e-02 8.447449e-03 9.997667e-01 5.918040e+01
9.997767e-01 6.681693e-03 -2.004648e-02 -1.768325e+00 -6.728103e-03 9.999748e-01 -2.248576e-03 -1.282073e+00 2.003095e-02 2.382949e-03 9.997965e-01 6.029002e+01
9.997876e-01 4.837140e-03 -2.003178e-02 -1.795266e+00 -4.871221e-03 9.999868e-01 -1.652948e-03 -1.303834e+00 2.002352e-02 1.750176e-03 9.997980e-01 6.139699e+01
9.997984e-01 1.727308e-03 -2.000526e-02 -1.826607e+00 -1.822370e-03 9.999871e-01 -4.734622e-03 -1.325163e+00 1.999682e-02 4.770124e-03 9.997886e-01 6.251508e+01
9.998024e-01 4.598349e-04 -1.987215e-02 -1.868718e+00 -6.182937e-04 9.999681e-01 -7.968508e-03 -1.348021e+00 1.986785e-02 7.979221e-03 9.997708e-01 6.363381e+01
9.997894e-01 2.878793e-03 -2.031860e-02 -1.884642e+00 -3.116803e-03 9.999268e-01 -1.169195e-02 -1.387476e+00 2.028346e-02 1.175281e-02 9.997252e-01 6.469882e+01
9.997830e-01 3.091274e-03 -2.059940e-02 -1.893090e+00 -3.417643e-03 9.998689e-01 -1.582733e-02 -1.422169e+00 2.054777e-02 1.589430e-02 9.996625e-01 6.575423e+01
9.997695e-01 5.927084e-03 -2.063553e-02 -1.896636e+00 -6.265479e-03 9.998463e-01 -1.637281e-02 -1.457754e+00 2.053532e-02 1.649833e-02 9.996530e-01 6.681575e+01
9.997563e-01 9.687048e-03 -1.983790e-02 -1.937531e+00 -9.940220e-03 9.998699e-01 -1.270344e-02 -1.491959e+00 1.971226e-02 1.289753e-02 9.997225e-01 6.793355e+01
9.997376e-01 1.145835e-02 -1.983648e-02 -1.967722e+00 -1.166822e-02 9.998768e-01 -1.049685e-02 -1.528999e+00 1.971376e-02 1.072555e-02 9.997481e-01 6.903516e+01
9.997382e-01 1.094378e-02 -2.009361e-02 -1.992048e+00 -1.113994e-02 9.998911e-01 -9.676418e-03 -1.560194e+00 1.998552e-02 9.897728e-03 9.997513e-01 7.014120e+01
9.997515e-01 9.746061e-03 -2.004934e-02 -2.022203e+00 -9.922408e-03 9.999128e-01 -8.715090e-03 -1.594852e+00 1.996265e-02 8.911862e-03 9.997610e-01 7.125729e+01
9.997572e-01 8.790547e-03 -2.020281e-02 -2.062519e+00 -8.937898e-03 9.999340e-01 -7.214923e-03 -1.624858e+00 2.013806e-02 7.393742e-03 9.997699e-01 7.238802e+01
9.997611e-01 7.234132e-03 -2.062611e-02 -2.089690e+00 -7.340186e-03 9.999602e-01 -5.070684e-03 -1.651498e+00 2.058860e-02 5.220871e-03 9.997744e-01 7.350121e+01
9.997547e-01 6.394676e-03 -2.120539e-02 -2.127385e+00 -6.469135e-03 9.999731e-01 -3.444572e-03 -1.677745e+00 2.118279e-02 3.580907e-03 9.997692e-01 7.462378e+01
9.997469e-01 5.750344e-03 -2.175150e-02 -2.167776e+00 -5.853802e-03 9.999719e-01 -4.695666e-03 -1.703332e+00 2.172389e-02 4.821806e-03 9.997524e-01 7.573558e+01
9.997312e-01 5.958740e-03 -2.240715e-02 -2.206493e+00 -6.151254e-03 9.999447e-01 -8.532560e-03 -1.727760e+00 2.235507e-02 8.668099e-03 9.997125e-01 7.683556e+01
9.997129e-01 6.467436e-03 -2.307059e-02 -2.248935e+00 -6.713520e-03 9.999212e-01 -1.060514e-02 -1.754640e+00 2.300019e-02 1.075698e-02 9.996776e-01 7.793861e+01
9.996812e-01 8.844827e-03 -2.365094e-02 -2.293562e+00 -9.058098e-03 9.999191e-01 -8.925556e-03 -1.784608e+00 2.357008e-02 9.136942e-03 9.996805e-01 7.903703e+01
9.996577e-01 9.934502e-03 -2.420384e-02 -2.333361e+00 -1.004908e-02 9.999388e-01 -4.616837e-03 -1.811743e+00 2.415650e-02 4.858483e-03 9.996964e-01 8.014996e+01
9.996430e-01 1.133954e-02 -2.419524e-02 -2.400389e+00 -1.135617e-02 9.999354e-01 -5.504086e-04 -1.838678e+00 2.418744e-02 8.249774e-04 9.997071e-01 8.126258e+01
9.996305e-01 1.242225e-02 -2.417915e-02 -2.459317e+00 -1.242544e-02 9.999228e-01 1.817224e-05 -1.856363e+00 2.417751e-02 2.822711e-04 9.997076e-01 8.232121e+01
9.996288e-01 1.231574e-02 -2.430090e-02 -2.513833e+00 -1.237045e-02 9.999213e-01 -2.102293e-03 -1.875968e+00 2.427310e-02 2.402126e-03 9.997025e-01 8.338813e+01
9.996226e-01 1.221086e-02 -2.460957e-02 -2.559291e+00 -1.228348e-02 9.999206e-01 -2.801875e-03 -1.898664e+00 2.457340e-02 3.103108e-03 9.996932e-01 8.445310e+01
9.996236e-01 1.156067e-02 -2.487993e-02 -2.606665e+00 -1.163794e-02 9.999279e-01 -2.963257e-03 -1.922680e+00 2.484388e-02 3.251692e-03 9.996861e-01 8.550104e+01
9.996207e-01 1.052957e-02 -2.544541e-02 -2.648563e+00 -1.060132e-02 9.999402e-01 -2.686560e-03 -1.946831e+00 2.541560e-02 2.955296e-03 9.996726e-01 8.653475e+01
9.996147e-01 9.444660e-03 -2.610096e-02 -2.679602e+00 -9.483791e-03 9.999541e-01 -1.375856e-03 -1.967616e+00 2.608677e-02 1.622862e-03 9.996583e-01 8.756299e+01
9.996036e-01 9.399261e-03 -2.653691e-02 -2.721001e+00 -9.366947e-03 9.999552e-01 1.341736e-03 -1.990887e+00 2.654833e-02 -1.092634e-03 9.996470e-01 8.856502e+01
9.995276e-01 8.012243e-03 -2.966959e-02 -2.783523e+00 -7.937830e-03 9.999651e-01 2.624975e-03 -2.039910e+00 2.968959e-02 -2.388223e-03 9.995563e-01 9.052714e+01
9.993316e-01 6.666350e-03 -3.594310e-02 -2.868046e+00 -6.631109e-03 9.999774e-01 1.099593e-03 -2.084272e+00 3.594962e-02 -8.605159e-04 9.993532e-01 9.235411e+01
9.991040e-01 8.134050e-03 -4.153472e-02 -2.980627e+00 -8.034638e-03 9.999644e-01 2.559846e-03 -2.129309e+00 4.155406e-02 -2.223836e-03 9.991338e-01 9.413370e+01
9.988477e-01 1.046276e-02 -4.683912e-02 -3.087829e+00 -1.022086e-02 9.999332e-01 5.400942e-03 -2.175167e+00 4.689250e-02 -4.915982e-03 9.988878e-01 9.580430e+01
9.985743e-01 1.456579e-02 -5.135311e-02 -3.213249e+00 -1.423747e-02 9.998758e-01 6.753379e-03 -2.212759e+00 5.144510e-02 -6.012613e-03 9.986577e-01 9.740710e+01
9.982587e-01 1.778542e-02 -5.624371e-02 -3.323424e+00 -1.770760e-02 9.998415e-01 1.881659e-03 -2.246818e+00 5.626826e-02 -8.824409e-04 9.984153e-01 9.885033e+01
9.979194e-01 2.227458e-02 -6.050314e-02 -3.432135e+00 -2.257912e-02 9.997356e-01 -4.354416e-03 -2.281502e+00 6.039015e-02 5.711464e-03 9.981585e-01 1.001832e+02
9.978217e-01 2.681202e-02 -6.027454e-02 -3.533762e+00 -2.715614e-02 9.996192e-01 -4.897156e-03 -2.316069e+00 6.012028e-02 6.523312e-03 9.981698e-01 1.014041e+02
9.981003e-01 3.343155e-02 -5.174985e-02 -3.605175e+00 -3.357876e-02 9.994341e-01 -1.977676e-03 -2.349554e+00 5.165445e-02 3.711615e-03 9.986581e-01 1.025428e+02
9.988078e-01 3.450470e-02 -3.453011e-02 -3.645135e+00 -3.445146e-02 9.994041e-01 2.135819e-03 -2.372375e+00 3.458323e-02 -9.436596e-04 9.994014e-01 1.035868e+02
9.994156e-01 3.358754e-02 6.346744e-03 -3.669005e+00 -3.360255e-02 9.994327e-01 2.274398e-03 -2.414840e+00 -6.266752e-03 -2.486335e-03 9.999773e-01 1.050417e+02
9.971107e-01 2.965279e-02 6.993491e-02 -3.572916e+00 -2.897713e-02 9.995233e-01 -1.065628e-02 -2.451926e+00 -7.021756e-02 8.598979e-03 9.974946e-01 1.062972e+02
9.869181e-01 2.283838e-02 1.595966e-01 -3.342062e+00 -2.032420e-02 9.996426e-01 -1.736809e-02 -2.492646e+00 -1.599362e-01 1.389721e-02 9.870295e-01 1.074997e+02
9.616304e-01 1.548872e-02 2.739107e-01 -2.975104e+00 -9.961204e-03 9.997180e-01 -2.155940e-02 -2.531592e+00 -2.741674e-01 1.800369e-02 9.615135e-01 1.086041e+02
9.141925e-01 1.910831e-02 4.048296e-01 -2.504726e+00 -1.063873e-02 9.996752e-01 -2.316099e-02 -2.580202e+00 -4.051406e-01 1.686673e-02 9.140988e-01 1.096268e+02
8.437097e-01 1.817266e-02 5.364920e-01 -1.910026e+00 -5.012827e-03 9.996499e-01 -2.597789e-02 -2.616843e+00 -5.367763e-01 1.922846e-02 8.435054e-01 1.104807e+02
7.491032e-01 3.137355e-02 6.617100e-01 -1.194836e+00 -7.274156e-03 9.992073e-01 -3.914038e-02 -2.659142e+00 -6.624134e-01 2.450680e-02 7.487376e-01 1.112495e+02
6.302440e-01 3.398115e-02 7.756531e-01 -3.107826e-01 9.205147e-04 9.990083e-01 -4.451423e-02 -2.679466e+00 -7.763966e-01 2.876883e-02 6.295878e-01 1.118967e+02
4.906875e-01 2.776483e-02 8.708932e-01 7.237813e-01 9.142597e-03 9.992731e-01 -3.700892e-02 -2.714917e+00 -8.712876e-01 2.612204e-02 4.900770e-01 1.124283e+02
3.867067e-01 2.445508e-02 9.218785e-01 1.489764e+00 1.128641e-02 9.994479e-01 -3.124719e-02 -2.744564e+00 -9.221337e-01 2.248819e-02 3.862172e-01 1.127204e+02
2.847027e-01 3.460362e-02 9.579911e-01 2.226525e+00 8.622712e-03 9.992154e-01 -3.865524e-02 -2.775047e+00 -9.585771e-01 1.926573e-02 2.841810e-01 1.128989e+02
1.963334e-01 3.677567e-02 9.798473e-01 3.078178e+00 2.011544e-02 9.989350e-01 -4.152263e-02 -2.800267e+00 -9.803308e-01 2.786234e-02 1.953846e-01 1.130315e+02
1.019975e-01 3.702439e-02 9.940954e-01 4.511891e+00 3.182898e-02 9.986740e-01 -4.046068e-02 -2.856239e+00 -9.942753e-01 3.576794e-02 1.006838e-01 1.131797e+02
5.150214e-02 2.939894e-02 9.982401e-01 5.542837e+00 2.038829e-02 9.993273e-01 -3.048285e-02 -2.909883e+00 -9.984648e-01 2.192234e-02 5.086811e-02 1.132659e+02
8.602684e-03 2.791801e-02 9.995732e-01 6.634699e+00 3.203413e-02 9.990894e-01 -2.818020e-02 -2.965630e+00 -9.994497e-01 3.226288e-02 7.700522e-03 1.132590e+02
-2.312681e-02 3.610013e-02 9.990805e-01 7.763859e+00 3.744302e-02 9.986780e-01 -3.521885e-02 -3.007951e+00 -9.990311e-01 3.659409e-02 -2.444793e-02 1.132194e+02
-4.062275e-02 4.081580e-02 9.983405e-01 9.016465e+00 3.767362e-02 9.985174e-01 -3.929008e-02 -3.050531e+00 -9.984640e-01 3.601503e-02 -4.210020e-02 1.131835e+02
-4.274061e-02 3.633296e-02 9.984254e-01 1.032770e+01 4.500480e-02 9.983941e-01 -3.440526e-02 -3.108201e+00 -9.980720e-01 4.346343e-02 -4.430713e-02 1.131202e+02
-3.969469e-02 3.643010e-02 9.985476e-01 1.171625e+01 3.952252e-02 9.986104e-01 -3.486127e-02 -3.173009e+00 -9.984299e-01 3.808131e-02 -4.107934e-02 1.130859e+02
-3.765202e-02 3.884657e-02 9.985356e-01 1.314180e+01 3.828435e-02 9.985666e-01 -3.740418e-02 -3.230659e+00 -9.985573e-01 3.681994e-02 -3.908527e-02 1.130440e+02
-3.629735e-02 3.712352e-02 9.986513e-01 1.464708e+01 3.659797e-02 9.986888e-01 -3.579471e-02 -3.302587e+00 -9.986706e-01 3.524936e-02 -3.760841e-02 1.130009e+02
-3.699614e-02 3.387583e-02 9.987411e-01 1.621282e+01 3.731317e-02 9.987752e-01 -3.249480e-02 -3.373086e+00 -9.986185e-01 3.606402e-02 -3.821484e-02 1.129654e+02
-3.930242e-02 3.126870e-02 9.987380e-01 1.782974e+01 3.415057e-02 9.989684e-01 -2.993201e-02 -3.441544e+00 -9.986436e-01 3.293107e-02 -4.032972e-02 1.129165e+02
-4.137788e-02 2.745179e-02 9.987664e-01 1.945821e+01 3.831216e-02 9.989309e-01 -2.586908e-02 -3.503840e+00 -9.984087e-01 3.719449e-02 -4.238538e-02 1.128464e+02
-4.416256e-02 3.115103e-02 9.985386e-01 2.111537e+01 3.258730e-02 9.990268e-01 -2.972502e-02 -3.577146e+00 -9.984927e-01 3.122695e-02 -4.513471e-02 1.127895e+02
-4.600136e-02 3.740665e-02 9.982408e-01 2.278078e+01 3.403114e-02 9.987773e-01 -3.585852e-02 -3.653581e+00 -9.983615e-01 3.232173e-02 -4.721810e-02 1.127162e+02
-4.876716e-02 3.085835e-02 9.983334e-01 2.446429e+01 2.747593e-02 9.991858e-01 -2.954254e-02 -3.736729e+00 -9.984322e-01 2.598944e-02 -4.957531e-02 1.126567e+02
-4.973449e-02 2.006537e-02 9.985609e-01 2.616763e+01 2.234713e-02 9.995703e-01 -1.897262e-02 -3.806568e+00 -9.985124e-01 2.137138e-02 -5.016151e-02 1.125944e+02
-4.908354e-02 2.554128e-02 9.984680e-01 2.784636e+01 2.240326e-02 9.994496e-01 -2.446507e-02 -3.884201e+00 -9.985434e-01 2.116811e-02 -4.962874e-02 1.125330e+02
-4.748110e-02 4.226471e-02 9.979776e-01 2.950571e+01 2.683298e-02 9.987978e-01 -4.102281e-02 -3.953598e+00 -9.985117e-01 2.483091e-02 -4.855811e-02 1.124598e+02
-4.516404e-02 2.901724e-02 9.985580e-01 3.118029e+01 3.114789e-02 9.991329e-01 -2.762515e-02 -4.043911e+00 -9.984939e-01 2.985532e-02 -4.602871e-02 1.123840e+02
-4.526367e-02 2.674168e-02 9.986171e-01 3.283280e+01 3.060468e-02 9.992095e-01 -2.537034e-02 -4.123157e+00 -9.985062e-01 2.941401e-02 -4.604631e-02 1.123240e+02
-4.838370e-02 2.729661e-02 9.984558e-01 3.442250e+01 2.480123e-02 9.993511e-01 -2.611925e-02 -4.205368e+00 -9.985209e-01 2.349918e-02 -4.902929e-02 1.122612e+02
-5.288251e-02 2.698985e-02 9.982359e-01 3.602434e+01 2.198755e-02 9.994238e-01 -2.585716e-02 -4.294589e+00 -9.983587e-01 2.058137e-02 -5.344548e-02 1.121877e+02
-5.710179e-02 2.594883e-02 9.980311e-01 3.761288e+01 1.745008e-02 9.995354e-01 -2.498955e-02 -4.374337e+00 -9.982159e-01 1.598878e-02 -5.752807e-02 1.121088e+02
-6.128986e-02 2.471210e-02 9.978141e-01 3.917913e+01 1.717048e-02 9.995716e-01 -2.370095e-02 -4.451546e+00 -9.979723e-01 1.568031e-02 -6.168793e-02 1.120225e+02
-6.422496e-02 2.588439e-02 9.975997e-01 4.072634e+01 1.716435e-02 9.995443e-01 -2.482981e-02 -4.519940e+00 -9.977878e-01 1.552846e-02 -6.463999e-02 1.119308e+02
-6.557558e-02 2.473634e-02 9.975410e-01 4.150119e+01 1.906645e-02 9.995412e-01 -2.353257e-02 -4.555154e+00 -9.976654e-01 1.747640e-02 -6.601714e-02 1.118825e+02
-6.864493e-02 2.344574e-02 9.973656e-01 4.302095e+01 1.712428e-02 9.996042e-01 -2.231977e-02 -4.626146e+00 -9.974942e-01 1.554703e-02 -6.901925e-02 1.117903e+02
-7.082237e-02 2.132329e-02 9.972610e-01 4.450111e+01 1.430537e-02 9.996904e-01 -2.035931e-02 -4.686873e+00 -9.973863e-01 1.282429e-02 -7.110547e-02 1.116971e+02
-7.178759e-02 2.365492e-02 9.971394e-01 4.589985e+01 1.427502e-02 9.996407e-01 -2.268654e-02 -4.749237e+00 -9.973178e-01 1.260557e-02 -7.209947e-02 1.116029e+02
-7.227071e-02 2.812826e-02 9.969884e-01 4.728026e+01 1.193712e-02 9.995551e-01 -2.733537e-02 -4.810769e+00 -9.973136e-01 9.925622e-03 -7.257432e-02 1.115142e+02
-7.295039e-02 2.868953e-02 9.969229e-01 4.867518e+01 1.246573e-02 9.995343e-01 -2.785249e-02 -4.880539e+00 -9.972576e-01 1.039552e-02 -7.327406e-02 1.114290e+02
-7.417893e-02 2.828533e-02 9.968438e-01 5.005962e+01 8.884996e-03 9.995767e-01 -2.770171e-02 -4.944369e+00 -9.972054e-01 6.802069e-03 -7.439885e-02 1.113497e+02
-7.421196e-02 2.829463e-02 9.968410e-01 5.073349e+01 5.922185e-03 9.995923e-01 -2.793183e-02 -4.980592e+00 -9.972249e-01 3.830601e-03 -7.434927e-02 1.113106e+02
-7.424172e-02 2.697625e-02 9.968753e-01 5.140945e+01 7.712048e-03 9.996197e-01 -2.647617e-02 -5.014013e+00 -9.972104e-01 5.722314e-03 -7.442153e-02 1.112625e+02
-7.550441e-02 2.644326e-02 9.967948e-01 5.209391e+01 7.958173e-03 9.996325e-01 -2.591573e-02 -5.043901e+00 -9.971137e-01 5.975913e-03 -7.568710e-02 1.112199e+02
-7.920778e-02 2.586481e-02 9.965225e-01 5.276638e+01 4.746002e-03 9.996618e-01 -2.556906e-02 -5.075451e+00 -9.968469e-01 2.704229e-03 -7.930375e-02 1.111769e+02
-8.462627e-02 2.531175e-02 9.960912e-01 5.343377e+01 8.644047e-04 9.996788e-01 -2.532948e-02 -5.107605e+00 -9.964124e-01 -1.282513e-03 -8.462097e-02 1.111315e+02
-9.039379e-02 2.937619e-02 9.954727e-01 5.409129e+01 4.566717e-03 9.995666e-01 -2.908232e-02 -5.136684e+00 -9.958956e-01 1.917181e-03 -9.048876e-02 1.110677e+02
-9.646528e-02 3.248785e-02 9.948060e-01 5.474630e+01 7.089813e-03 9.994642e-01 -3.195249e-02 -5.163190e+00 -9.953111e-01 3.970683e-03 -9.664393e-02 1.109929e+02
-1.040387e-01 3.412403e-02 9.939877e-01 5.541808e+01 6.079331e-03 9.994144e-01 -3.367402e-02 -5.195535e+00 -9.945547e-01 2.539380e-03 -1.041852e-01 1.109295e+02
-1.157548e-01 3.190894e-02 9.927651e-01 5.675817e+01 1.727331e-03 9.994888e-01 -3.192364e-02 -5.263507e+00 -9.932763e-01 -1.980482e-03 -1.157508e-01 1.107872e+02
-1.245360e-01 3.202887e-02 9.916980e-01 5.814993e+01 -2.396770e-03 9.994662e-01 -3.258074e-02 -5.325786e+00 -9.922122e-01 -6.434348e-03 -1.243928e-01 1.106326e+02
-1.288521e-01 2.623540e-02 9.913167e-01 5.958559e+01 3.210762e-04 9.996510e-01 -2.641424e-02 -5.386292e+00 -9.916638e-01 -3.085243e-03 -1.288156e-01 1.104580e+02
-1.322687e-01 2.328116e-02 9.909405e-01 6.103315e+01 -7.272484e-04 9.997216e-01 -2.358453e-02 -5.447934e+00 -9.912136e-01 -3.840155e-03 -1.322149e-01 1.102925e+02
-1.329444e-01 3.148326e-02 9.906234e-01 6.248152e+01 7.026203e-03 9.995002e-01 -3.082244e-02 -5.505834e+00 -9.910986e-01 2.862651e-03 -1.330991e-01 1.100965e+02
-1.344461e-01 3.768242e-02 9.902042e-01 6.397738e+01 1.417572e-02 9.992476e-01 -3.610184e-02 -5.578361e+00 -9.908195e-01 9.183110e-03 -1.348791e-01 1.098954e+02
-1.350545e-01 3.045386e-02 9.903700e-01 6.547340e+01 1.154878e-02 9.995080e-01 -2.915997e-02 -5.653233e+00 -9.907709e-01 7.499382e-03 -1.353397e-01 1.097101e+02
-1.363800e-01 2.809058e-02 9.902583e-01 6.695043e+01 1.301930e-02 9.995624e-01 -2.656147e-02 -5.725946e+00 -9.905710e-01 9.270017e-03 -1.366861e-01 1.095156e+02
-1.382435e-01 2.900853e-02 9.899734e-01 6.769010e+01 1.150958e-02 9.995505e-01 -2.768193e-02 -5.761136e+00 -9.903314e-01 7.567337e-03 -1.385152e-01 1.094218e+02
-1.404168e-01 2.967499e-02 9.896477e-01 6.842766e+01 1.060233e-02 9.995385e-01 -2.846725e-02 -5.795605e+00 -9.900357e-01 6.495296e-03 -1.406666e-01 1.093238e+02
-1.425647e-01 2.986058e-02 9.893349e-01 6.916290e+01 1.145471e-02 9.995276e-01 -2.851758e-02 -5.830944e+00 -9.897192e-01 7.266949e-03 -1.428394e-01 1.092212e+02
-1.443867e-01 2.994219e-02 9.890682e-01 6.989964e+01 1.134046e-02 9.995265e-01 -2.860328e-02 -5.866321e+00 -9.894564e-01 7.086551e-03 -1.446579e-01 1.091168e+02
-1.464959e-01 2.950770e-02 9.887711e-01 7.064487e+01 1.077752e-02 9.995433e-01 -2.823238e-02 -5.902064e+00 -9.891526e-01 6.520574e-03 -1.467470e-01 1.090129e+02
-1.482276e-01 2.982439e-02 9.885035e-01 7.139122e+01 8.550134e-03 9.995465e-01 -2.887547e-02 -5.934378e+00 -9.889163e-01 4.171697e-03 -1.484153e-01 1.089098e+02
-1.493449e-01 3.141851e-02 9.882859e-01 7.214018e+01 8.416985e-03 9.994993e-01 -3.050306e-02 -5.969013e+00 -9.887493e-01 3.762913e-03 -1.495346e-01 1.088012e+02
-1.517854e-01 3.240781e-02 9.878820e-01 7.369344e+01 7.288704e-03 9.994718e-01 -3.166813e-02 -6.029876e+00 -9.883866e-01 2.393618e-03 -1.519415e-01 1.085898e+02
-1.540811e-01 2.843570e-02 9.876490e-01 7.526801e+01 5.444106e-03 9.995950e-01 -2.793032e-02 -6.100349e+00 -9.880432e-01 1.073330e-03 -1.541735e-01 1.083701e+02
-1.581602e-01 2.542998e-02 9.870859e-01 7.680689e+01 3.027407e-03 9.996761e-01 -2.526926e-02 -6.176365e+00 -9.874088e-01 -1.008278e-03 -1.581859e-01 1.081381e+02
-1.624569e-01 2.729798e-02 9.863380e-01 7.837462e+01 3.349931e-03 9.996268e-01 -2.711400e-02 -6.244718e+00 -9.867100e-01 -1.100694e-03 -1.624877e-01 1.078985e+02
-1.646034e-01 3.467938e-02 9.857500e-01 7.997142e+01 6.499824e-03 9.993982e-01 -3.407418e-02 -6.323300e+00 -9.863384e-01 7.984755e-04 -1.647298e-01 1.076435e+02
-1.658694e-01 3.961302e-02 9.853518e-01 8.161346e+01 8.834989e-03 9.992125e-01 -3.868300e-02 -6.411952e+00 -9.861081e-01 2.289245e-03 -1.660888e-01 1.073898e+02
-1.652213e-01 3.693160e-02 9.855648e-01 8.324097e+01 1.217134e-02 9.992989e-01 -3.540584e-02 -6.501528e+00 -9.861814e-01 6.145852e-03 -1.655550e-01 1.071084e+02
-1.629886e-01 3.298437e-02 9.860764e-01 8.492515e+01 1.049786e-02 9.994424e-01 -3.169627e-02 -6.580105e+00 -9.865721e-01 5.185564e-03 -1.632440e-01 1.068490e+02
-1.599395e-01 2.647738e-02 9.867716e-01 8.662033e+01 1.067042e-02 9.996282e-01 -2.509285e-02 -6.657367e+00 -9.870691e-01 6.515930e-03 -1.601625e-01 1.065879e+02
-1.573488e-01 3.035946e-02 9.870763e-01 8.832344e+01 9.118550e-03 9.995294e-01 -2.928890e-02 -6.739075e+00 -9.875010e-01 4.392131e-03 -1.575516e-01 1.063420e+02
-1.556812e-01 3.668717e-02 9.871258e-01 8.916665e+01 9.559547e-03 9.993193e-01 -3.563269e-02 -6.776948e+00 -9.877611e-01 3.889136e-03 -1.559259e-01 1.062219e+02
-1.529613e-01 3.763827e-02 9.875152e-01 9.085201e+01 6.152997e-03 9.992914e-01 -3.713403e-02 -6.857588e+00 -9.882130e-01 3.961061e-04 -1.530845e-01 1.059803e+02
-1.518410e-01 3.353909e-02 9.878358e-01 9.256221e+01 6.847944e-03 9.994358e-01 -3.288034e-02 -6.949028e+00 -9.883812e-01 1.772061e-03 -1.519850e-01 1.057463e+02
-1.511066e-01 3.300756e-02 9.879662e-01 9.429326e+01 4.889526e-03 9.994551e-01 -3.264356e-02 -7.041945e+00 -9.885054e-01 -1.019693e-04 -1.511856e-01 1.055108e+02
-1.493338e-01 3.052261e-02 9.883156e-01 9.600539e+01 9.903565e-03 9.995195e-01 -2.937220e-02 -7.130882e+00 -9.887372e-01 5.401585e-03 -1.495644e-01 1.052567e+02
-1.483613e-01 3.377849e-02 9.883562e-01 9.772772e+01 1.185241e-02 9.994054e-01 -3.237696e-02 -7.225021e+00 -9.888622e-01 6.910914e-03 -1.486734e-01 1.050208e+02
-1.476865e-01 3.074971e-02 9.885561e-01 9.946341e+01 3.504624e-03 9.995266e-01 -3.056738e-02 -7.311837e+00 -9.890280e-01 -1.049873e-03 -1.477244e-01 1.048012e+02
-1.497772e-01 2.874346e-02 9.883019e-01 1.011646e+02 -5.362178e-03 9.995390e-01 -2.988292e-02 -7.404076e+00 -9.887052e-01 -9.775229e-03 -1.495540e-01 1.045885e+02
-1.525621e-01 3.572592e-02 9.876480e-01 1.028345e+02 -9.886270e-03 9.992412e-01 -3.767241e-02 -7.491225e+00 -9.882444e-01 -1.551154e-02 -1.520932e-01 1.043703e+02
-1.533327e-01 3.558501e-02 9.875337e-01 1.044527e+02 -8.124787e-03 9.992722e-01 -3.726953e-02 -7.583215e+00 -9.881412e-01 -1.373814e-02 -1.529319e-01 1.041193e+02
-1.542286e-01 3.964643e-02 9.872394e-01 1.060580e+02 -5.582609e-03 9.991437e-01 -4.099661e-02 -7.675500e+00 -9.880194e-01 -1.183422e-02 -1.538752e-01 1.038707e+02
-1.563265e-01 4.077550e-02 9.868634e-01 1.076448e+02 -9.260619e-03 9.990430e-01 -4.274569e-02 -7.782614e+00 -9.876620e-01 -1.582125e-02 -1.557993e-01 1.036323e+02
-1.620297e-01 4.033136e-02 9.859613e-01 1.092356e+02 -1.246978e-02 9.990010e-01 -4.291399e-02 -7.892634e+00 -9.867071e-01 -1.924806e-02 -1.613649e-01 1.033939e+02
-1.685695e-01 4.408452e-02 9.847034e-01 1.107809e+02 -1.482948e-02 9.987729e-01 -4.725302e-02 -7.995781e+00 -9.855782e-01 -2.256806e-02 -1.677089e-01 1.031426e+02
-1.749089e-01 4.280448e-02 9.836537e-01 1.123327e+02 -1.398554e-02 9.988457e-01 -4.595241e-02 -8.101583e+00 -9.844853e-01 -2.179441e-02 -1.741084e-01 1.028857e+02
-1.796708e-01 4.840297e-02 9.825352e-01 1.138872e+02 -1.677851e-02 9.984927e-01 -5.225728e-02 -8.199692e+00 -9.835837e-01 -2.587458e-02 -1.785878e-01 1.026300e+02
-1.846025e-01 5.805930e-02 9.810969e-01 1.154189e+02 -1.615072e-02 9.979396e-01 -6.209492e-02 -8.319991e+00 -9.826806e-01 -2.730830e-02 -1.832845e-01 1.023666e+02
-1.912323e-01 4.906382e-02 9.803178e-01 1.169620e+02 -1.542321e-02 9.984764e-01 -5.298126e-02 -8.427290e+00 -9.814236e-01 -2.525138e-02 -1.901842e-01 1.020995e+02
-1.957033e-01 4.967232e-02 9.794043e-01 1.184466e+02 -1.813463e-02 9.983623e-01 -5.425745e-02 -8.540855e+00 -9.804955e-01 -2.837950e-02 -1.944820e-01 1.018194e+02
-2.011768e-01 5.521896e-02 9.779973e-01 1.199222e+02 -2.234411e-02 9.978914e-01 -6.093846e-02 -8.656805e+00 -9.793001e-01 -3.411188e-02 -1.995188e-01 1.015340e+02
-2.049429e-01 6.334962e-02 9.767216e-01 1.213501e+02 -1.961552e-02 9.974370e-01 -6.880908e-02 -8.792822e+00 -9.785774e-01 -3.326084e-02 -2.031750e-01 1.012306e+02
-2.101758e-01 6.309313e-02 9.756256e-01 1.228283e+02 -1.933512e-02 9.974521e-01 -6.866993e-02 -8.916626e+00 -9.774724e-01 -3.329659e-02 -2.084204e-01 1.009358e+02
-2.194079e-01 5.836891e-02 9.738857e-01 1.242657e+02 -1.285830e-02 9.979491e-01 -6.270799e-02 -9.043694e+00 -9.755485e-01 -2.628115e-02 -2.182074e-01 1.006113e+02
-2.339416e-01 5.746974e-02 9.705507e-01 1.257120e+02 -1.457244e-02 9.979321e-01 -6.260363e-02 -9.159701e+00 -9.721414e-01 -2.878888e-02 -2.326203e-01 1.002832e+02
-2.562387e-01 5.863844e-02 9.648333e-01 1.271523e+02 -1.476376e-02 9.978044e-01 -6.456322e-02 -9.280435e+00 -9.665008e-01 -3.078816e-02 -2.548104e-01 9.991785e+01
-2.803450e-01 5.964440e-02 9.580445e-01 1.285623e+02 -1.080174e-02 9.978085e-01 -6.528080e-02 -9.397634e+00 -9.598385e-01 -2.864969e-02 -2.790863e-01 9.951949e+01
-3.011121e-01 5.985124e-02 9.517086e-01 1.299536e+02 -3.408892e-03 9.979544e-01 -6.383809e-02 -9.519927e+00 -9.535826e-01 -2.246670e-02 -3.002922e-01 9.907241e+01
-3.173096e-01 6.086025e-02 9.463671e-01 1.313231e+02 7.326020e-03 9.980661e-01 -6.172862e-02 -9.640189e+00 -9.482937e-01 -1.265398e-02 -3.171418e-01 9.860583e+01
-3.283337e-01 5.900360e-02 9.427171e-01 1.326866e+02 1.127735e-02 9.982208e-01 -5.854978e-02 -9.758192e+00 -9.444945e-01 -8.592512e-03 -3.284149e-01 9.813460e+01
-3.311629e-01 5.586146e-02 9.419186e-01 1.340304e+02 2.356113e-02 9.984243e-01 -5.092889e-02 -9.858589e+00 -9.432794e-01 5.326911e-03 -3.319572e-01 9.764904e+01
-3.322995e-01 5.987900e-02 9.412712e-01 1.353689e+02 2.780255e-02 9.981709e-01 -5.368347e-02 -9.962461e+00 -9.427640e-01 8.330748e-03 -3.333564e-01 9.719199e+01
-3.304239e-01 6.320912e-02 9.417137e-01 1.366709e+02 2.913800e-02 9.979625e-01 -5.676083e-02 -1.005666e+01 -9.433827e-01 8.684513e-03 -3.315925e-01 9.674240e+01
-3.267692e-01 5.920006e-02 9.432483e-01 1.379555e+02 3.183118e-02 9.981594e-01 -5.161913e-02 -1.015704e+01 -9.445680e-01 1.315717e-02 -3.280522e-01 9.629476e+01
-3.231654e-01 6.222165e-02 9.442948e-01 1.392212e+02 3.343766e-02 9.979638e-01 -5.431467e-02 -1.025282e+01 -9.457516e-01 1.402239e-02 -3.245879e-01 9.587164e+01
-3.133572e-01 6.326904e-02 9.475253e-01 1.404669e+02 3.639150e-02 9.978452e-01 -5.459397e-02 -1.034527e+01 -9.489378e-01 1.737446e-02 -3.149845e-01 9.545619e+01
-3.031992e-01 5.984881e-02 9.510459e-01 1.417159e+02 3.788319e-02 9.979939e-01 -5.072583e-02 -1.044197e+01 -9.521739e-01 2.064863e-02 -3.048582e-01 9.506526e+01
-2.951455e-01 5.780137e-02 9.537023e-01 1.429524e+02 3.898283e-02 9.980658e-01 -4.842597e-02 -1.053142e+01 -9.546567e-01 2.288532e-02 -2.968279e-01 9.469315e+01
-2.875447e-01 5.496937e-02 9.561885e-01 1.441471e+02 4.376354e-02 9.980630e-01 -4.421609e-02 -1.061336e+01 -9.567668e-01 2.913209e-02 -2.893934e-01 9.432829e+01
-2.813548e-01 5.392761e-02 9.580873e-01 1.453328e+02 3.800689e-02 9.982625e-01 -4.502772e-02 -1.070490e+01 -9.588509e-01 2.374515e-02 -2.829155e-01 9.400323e+01
-2.710201e-01 6.105791e-02 9.606352e-01 1.464875e+02 4.143443e-02 9.978012e-01 -5.173044e-02 -1.077942e+01 -9.616815e-01 2.578338e-02 -2.729540e-01 9.367958e+01
-2.563730e-01 6.002922e-02 9.647121e-01 1.476366e+02 3.608513e-02 9.979683e-01 -5.250894e-02 -1.086543e+01 -9.659041e-01 2.134988e-02 -2.580183e-01 9.339101e+01
-2.338865e-01 5.687704e-02 9.705988e-01 1.487836e+02 3.524128e-02 9.981273e-01 -4.999807e-02 -1.095047e+01 -9.716250e-01 2.251127e-02 -2.354529e-01 9.313136e+01
-2.052629e-01 5.542177e-02 9.771364e-01 1.498957e+02 3.463521e-02 9.981813e-01 -4.933974e-02 -1.102327e+01 -9.780938e-01 2.371571e-02 -2.068091e-01 9.290655e+01
-1.666170e-01 5.346098e-02 9.845713e-01 1.510159e+02 3.126808e-02 9.983134e-01 -4.891572e-02 -1.110423e+01 -9.855258e-01 2.263546e-02 -1.680076e-01 9.273951e+01
-1.234896e-01 5.342742e-02 9.909066e-01 1.521314e+02 2.021782e-02 9.984778e-01 -5.131604e-02 -1.118830e+01 -9.921399e-01 1.369698e-02 -1.243818e-01 9.263731e+01
-8.362371e-02 5.459341e-02 9.950008e-01 1.532355e+02 5.977584e-03 9.985077e-01 -5.428345e-02 -1.126969e+01 -9.964795e-01 1.408317e-03 -8.382525e-02 9.258177e+01
-5.978968e-02 5.174443e-02 9.968690e-01 1.543508e+02 -9.283781e-03 9.985836e-01 -5.239025e-02 -1.134293e+01 -9.981678e-01 -1.238711e-02 -5.922460e-02 9.256269e+01
-6.363846e-02 4.525939e-02 9.969462e-01 1.554594e+02 -2.423076e-02 9.986065e-01 -4.688150e-02 -1.142084e+01 -9.976788e-01 -2.714023e-02 -6.245311e-02 9.252837e+01
-8.985717e-02 4.077765e-02 9.951195e-01 1.565619e+02 -2.506838e-02 9.987523e-01 -4.319013e-02 -1.148138e+01 -9.956391e-01 -2.882698e-02 -8.872283e-02 9.244707e+01
-1.150776e-01 4.024538e-02 9.925409e-01 1.576524e+02 -1.819303e-02 9.989260e-01 -4.261363e-02 -1.153558e+01 -9.931899e-01 -2.296120e-02 -1.142218e-01 9.233091e+01
-1.292767e-01 3.980958e-02 9.908091e-01 1.581916e+02 -1.967186e-02 9.988942e-01 -4.270113e-02 -1.156377e+01 -9.914134e-01 -2.501132e-02 -1.283506e-01 9.226743e+01
-1.461290e-01 3.845863e-02 9.885177e-01 1.587354e+02 -2.245088e-02 9.988577e-01 -4.217974e-02 -1.158960e+01 -9.890108e-01 -2.835678e-02 -1.450987e-01 9.219926e+01
-1.631377e-01 3.812073e-02 9.858665e-01 1.592589e+02 -2.124367e-02 9.988859e-01 -4.213947e-02 -1.162051e+01 -9.863746e-01 -2.781796e-02 -1.621462e-01 9.211050e+01
-1.784962e-01 3.714675e-02 9.832392e-01 1.597845e+02 -1.913754e-02 9.989670e-01 -4.121516e-02 -1.165338e+01 -9.837545e-01 -2.617353e-02 -1.776009e-01 9.201196e+01
-1.929297e-01 3.554719e-02 9.805685e-01 1.602932e+02 -1.762628e-02 9.990568e-01 -3.968544e-02 -1.168722e+01 -9.810542e-01 -2.494028e-02 -1.921212e-01 9.190847e+01
-2.071852e-01 3.395588e-02 9.777123e-01 1.607974e+02 -1.750785e-02 9.991087e-01 -3.840903e-02 -1.171741e+01 -9.781451e-01 -2.507542e-02 -2.064061e-01 9.180087e+01
-2.209462e-01 3.279113e-02 9.747346e-01 1.612945e+02 -1.964636e-02 9.990821e-01 -3.806351e-02 -1.174858e+01 -9.750881e-01 -2.755998e-02 -2.200992e-01 9.168954e+01
-2.441299e-01 3.357148e-02 9.691613e-01 1.622848e+02 -1.554695e-02 9.991366e-01 -3.852607e-02 -1.180907e+01 -9.696179e-01 -2.447287e-02 -2.433972e-01 9.144090e+01
-2.613072e-01 3.709503e-02 9.645426e-01 1.632395e+02 -1.204683e-02 9.990581e-01 -4.168609e-02 -1.187138e+01 -9.651805e-01 -2.251256e-02 -2.606142e-01 9.117905e+01
-2.691332e-01 3.442467e-02 9.624875e-01 1.641761e+02 -1.533439e-02 9.990811e-01 -4.002133e-02 -1.194121e+01 -9.629809e-01 -2.553023e-02 -2.683581e-01 9.091730e+01
-2.729727e-01 3.378804e-02 9.614282e-01 1.655814e+02 -1.116430e-02 9.992045e-01 -3.828545e-02 -1.202713e+01 -9.619570e-01 -2.118455e-02 -2.723783e-01 9.052800e+01
-2.788864e-01 3.726806e-02 9.596007e-01 1.665231e+02 -1.176339e-02 9.990392e-01 -4.221850e-02 -1.207497e+01 -9.602520e-01 -2.306232e-02 -2.781800e-01 9.027292e+01
-2.903474e-01 3.842479e-02 9.561495e-01 1.675415e+02 -1.209530e-02 9.989663e-01 -4.381837e-02 -1.211576e+01 -9.568449e-01 -2.428747e-02 -2.895825e-01 9.001898e+01
-3.011183e-01 3.845404e-02 9.528111e-01 1.685315e+02 -9.206280e-03 9.990228e-01 -4.322855e-02 -1.217162e+01 -9.535424e-01 -2.178875e-02 -3.004700e-01 8.971362e+01
-3.063017e-01 3.960029e-02 9.511104e-01 1.690369e+02 -6.533284e-03 9.990234e-01 -4.369921e-02 -1.220229e+01 -9.519120e-01 -1.959902e-02 -3.057439e-01 8.954761e+01
-3.174230e-01 4.216775e-02 9.473460e-01 1.700532e+02 -7.496681e-03 9.988680e-01 -4.697295e-02 -1.226168e+01 -9.482544e-01 -2.201225e-02 -3.167476e-01 8.921243e+01
-3.223476e-01 4.372316e-02 9.456111e-01 1.705645e+02 -5.282755e-03 9.988341e-01 -4.798491e-02 -1.229284e+01 -9.466066e-01 -2.046325e-02 -3.217408e-01 8.903226e+01
-3.270932e-01 4.474894e-02 9.439320e-01 1.710850e+02 -8.964211e-04 9.988630e-01 -4.766368e-02 -1.232754e+01 -9.449916e-01 -1.643663e-02 -3.266812e-01 8.884349e+01
-3.353540e-01 4.471831e-02 9.410303e-01 1.721460e+02 1.179858e-03 9.988919e-01 -4.704747e-02 -1.239066e+01 -9.420915e-01 -1.466727e-02 -3.350351e-01 8.846944e+01
-3.413230e-01 3.963385e-02 9.391101e-01 1.732258e+02 2.698846e-03 9.991478e-01 -4.118676e-02 -1.245460e+01 -9.399422e-01 -1.152347e-02 -3.411391e-01 8.807526e+01
-3.456953e-01 3.725938e-02 9.376068e-01 1.743206e+02 9.210353e-03 9.992979e-01 -3.631506e-02 -1.252042e+01 -9.383016e-01 -3.918257e-03 -3.457958e-01 8.767278e+01
-3.467140e-01 3.743691e-02 9.372235e-01 1.753932e+02 8.186906e-03 9.992859e-01 -3.688731e-02 -1.258354e+01 -9.379352e-01 -5.116386e-03 -3.467729e-01 8.728039e+01
-3.443418e-01 4.021167e-02 9.379828e-01 1.764631e+02 1.134985e-02 9.991876e-01 -3.866891e-02 -1.264049e+01 -9.387758e-01 -2.669356e-03 -3.445185e-01 8.688307e+01
-3.399728e-01 4.107863e-02 9.395377e-01 1.775528e+02 1.162409e-02 9.991528e-01 -3.947894e-02 -1.269647e+01 -9.403635e-01 -2.500493e-03 -3.401622e-01 8.651007e+01
-3.343169e-01 4.364888e-02 9.414494e-01 1.786063e+02 1.400680e-02 9.990467e-01 -4.134535e-02 -1.276184e+01 -9.423566e-01 -6.357587e-04 -3.346096e-01 8.614287e+01
-3.265880e-01 4.657941e-02 9.440184e-01 1.796355e+02 1.475279e-02 9.989145e-01 -4.418427e-02 -1.282120e+01 -9.450517e-01 -5.031523e-04 -3.269207e-01 8.578644e+01
-3.182649e-01 4.536847e-02 9.469156e-01 1.806175e+02 1.415678e-02 9.989703e-01 -4.310432e-02 -1.288119e+01 -9.478961e-01 -3.133191e-04 -3.185795e-01 8.545660e+01
-3.007803e-01 3.626939e-02 9.530035e-01 1.820168e+02 1.716327e-02 9.993206e-01 -3.261517e-02 -1.296247e+01 -9.535390e-01 6.546655e-03 -3.011984e-01 8.501911e+01
-2.665625e-01 3.444625e-02 9.632019e-01 1.832660e+02 1.479016e-02 9.993896e-01 -3.164729e-02 -1.303267e+01 -9.637042e-01 5.809926e-03 -2.669092e-01 8.467052e+01
-2.085989e-01 4.328571e-02 9.770429e-01 1.844548e+02 1.326183e-02 9.990534e-01 -4.142944e-02 -1.309547e+01 -9.779114e-01 4.315242e-03 -2.089755e-01 8.442170e+01
-1.228115e-01 3.908103e-02 9.916602e-01 1.856315e+02 2.449899e-03 9.992332e-01 -3.907608e-02 -1.315063e+01 -9.924270e-01 -2.369523e-03 -1.228130e-01 8.429430e+01
-2.863068e-02 3.141904e-02 9.990962e-01 1.867777e+02 -1.549288e-02 9.993719e-01 -3.187168e-02 -1.320580e+01 -9.994700e-01 -1.639138e-02 -2.812592e-02 8.431142e+01
6.887646e-02 2.237053e-02 9.973744e-01 1.879044e+02 -2.074994e-02 9.995644e-01 -2.098671e-02 -1.326177e+01 -9.974094e-01 -1.924997e-02 6.931065e-02 8.441592e+01
1.780394e-01 2.610627e-02 9.836770e-01 1.890228e+02 -2.433034e-02 9.994592e-01 -2.212148e-02 -1.329880e+01 -9.837225e-01 -1.999470e-02 1.785783e-01 8.464915e+01
