1.000000e+00 0.000000e+00 0.000000e+00 0.000000e+00 0.000000e+00 1.000000e+00 0.000000e+00 0.000000e+00 0.000000e+00 0.000000e+00 1.000000e+00 0.000000e+00
9.999973e-01 -1.848204e-03 -1.438218e-03 -5.428314e-03 1.847009e-03 9.999979e-01 -8.315256e-04 -1.201940e-02 1.439751e-03 8.288669e-04 9.999986e-01 5.644581e-01
9.999950e-01 -2.277316e-03 -2.213171e-03 -1.781150e-02 2.272067e-03 9.999946e-01 -2.371359e-03 -2.379598e-02 2.218559e-03 2.366319e-03 9.999947e-01 1.123629e+00
9.999888e-01 -2.625490e-03 -3.949667e-03 -2.732258e-02 2.610524e-03 9.999894e-01 -3.789618e-03 -3.568183e-02 3.959575e-03 3.779264e-03 9.999850e-01 1.681136e+00
9.999698e-01 -4.757879e-03 -6.142668e-03 -2.186554e-02 4.723552e-03 9.999732e-01 -5.590769e-03 -4.697131e-02 6.169104e-03 5.561585e-03 9.999655e-01 2.258541e+00
9.999436e-01 -7.123339e-03 -7.879942e-03 -1.910583e-02 7.064187e-03 9.999469e-01 -7.509176e-03 -6.190890e-02 7.933014e-03 7.453087e-03 9.999408e-01 2.817472e+00
9.999203e-01 -8.482329e-03 -9.346504e-03 -2.416928e-02 8.405090e-03 9.999305e-01 -8.272419e-03 -7.309596e-02 9.416024e-03 8.193202e-03 9.999221e-01 3.403767e+00
9.999116e-01 -8.798220e-03 -9.969132e-03 -6.074677e-02 8.721137e-03 9.999319e-01 -7.749471e-03 -8.029691e-02 1.003664e-02 7.661843e-03 9.999203e-01 3.969624e+00
9.998840e-01 -9.003252e-03 -1.228622e-02 -2.819659e-02 8.904769e-03 9.999280e-01 -8.047037e-03 -1.002642e-01 1.235778e-02 7.936697e-03 9.998921e-01 4.598774e+00
9.998785e-01 -8.434727e-03 -1.310553e-02 -4.950105e-02 8.293761e-03 9.999076e-01 -1.077358e-02 -1.144067e-01 1.319519e-02 1.066358e-02 9.998561e-01 5.187807e+00
9.998690e-01 -6.594667e-03 -1.478066e-02 -4.936291e-02 6.379028e-03 9.998732e-01 -1.458921e-02 -1.328979e-01 1.487500e-02 1.449301e-02 9.997843e-01 5.793530e+00
9.998685e-01 -5.062334e-03 -1.540497e-02 -8.737263e-02 4.777331e-03 9.998178e-01 -1.848164e-02 -1.412623e-01 1.549572e-02 1.840561e-02 9.997105e-01 6.394260e+00
9.998543e-01 -3.280287e-03 -1.675200e-02 -1.008693e-01 2.971055e-03 9.998254e-01 -1.845105e-02 -1.550778e-01 1.680960e-02 1.839859e-02 9.996894e-01 7.029265e+00
9.998451e-01 -7.419389e-04 -1.758273e-02 -1.295205e-01 5.365435e-04 9.999316e-01 -1.168350e-02 -1.663950e-01 1.759019e-02 1.167225e-02 9.997771e-01 7.682560e+00
9.998328e-01 1.163218e-04 -1.828394e-02 -1.519994e-01 -1.391070e-04 9.999992e-01 -1.244924e-03 -1.793334e-01 1.828378e-02 1.247259e-03 9.998321e-01 8.343565e+00
9.998273e-01 1.334344e-03 -1.853781e-02 -1.889371e-01 -1.232855e-03 9.999842e-01 5.485061e-03 -1.946146e-01 1.854484e-02 -5.461259e-03 9.998131e-01 9.013661e+00
9.997955e-01 3.443504e-03 -1.992589e-02 -2.070211e-01 -3.355603e-03 9.999845e-01 4.443175e-03 -2.073659e-01 1.994088e-02 -4.375403e-03 9.997916e-01 9.690559e+00
9.997744e-01 5.470971e-03 -2.052171e-02 -2.375829e-01 -5.531113e-03 9.999806e-01 -2.875029e-03 -2.126094e-01 2.050559e-02 2.987889e-03 9.997853e-01 1.038725e+01
9.997606e-01 5.219390e-03 -2.124702e-02 -2.683204e-01 -5.407944e-03 9.999464e-01 -8.826628e-03 -2.185007e-01 2.119981e-02 8.939418e-03 9.997353e-01 1.108688e+01
9.997460e-01 3.160207e-03 -2.231298e-02 -2.890548e-01 -3.320056e-03 9.999691e-01 -7.130565e-03 -2.268189e-01 2.228975e-02 7.202835e-03 9.997256e-01 1.181907e+01
9.997518e-01 2.211944e-03 -2.216663e-02 -3.310880e-01 -2.161476e-03 9.999950e-01 2.300446e-03 -2.426201e-01 2.217161e-02 -2.251962e-03 9.997516e-01 1.259103e+01
9.997516e-01 1.767470e-03 -2.221677e-02 -3.633645e-01 -1.549293e-03 9.999504e-01 9.833760e-03 -2.526790e-01 2.223305e-02 -9.796897e-03 9.997048e-01 1.337422e+01
9.997429e-01 8.012501e-04 -2.265866e-02 -3.928321e-01 -5.214965e-04 9.999236e-01 1.234965e-02 -2.591766e-01 2.266683e-02 -1.233466e-02 9.996670e-01 1.417134e+01
9.997424e-01 -1.196807e-03 -2.266337e-02 -4.168130e-01 1.453647e-03 9.999349e-01 1.131973e-02 -2.612018e-01 2.264835e-02 -1.134976e-02 9.996791e-01 1.498102e+01
9.997535e-01 -1.522025e-03 -2.215052e-02 -4.413144e-01 1.719593e-03 9.999589e-01 8.903021e-03 -2.631234e-01 2.213606e-02 -8.938916e-03 9.997150e-01 1.580269e+01
9.997672e-01 9.462434e-04 -2.155552e-02 -4.686402e-01 -8.261942e-04 9.999841e-01 5.577525e-03 -2.683815e-01 2.156046e-02 -5.558418e-03 9.997521e-01 1.664588e+01
9.997870e-01 -2.117145e-03 -2.052883e-02 -4.893501e-01 2.117037e-03 9.999978e-01 -2.698029e-05 -2.735223e-01 2.052885e-02 -1.648576e-05 9.997893e-01 1.750714e+01
9.997930e-01 -4.923713e-03 -1.974111e-02 -5.106011e-01 4.798610e-03 9.999681e-01 -6.379559e-03 -2.839735e-01 1.977189e-02 6.283509e-03 9.997848e-01 1.838176e+01
9.998233e-01 -3.917729e-03 -1.838649e-02 -5.384793e-01 3.700105e-03 9.999229e-01 -1.185518e-02 -2.950062e-01 1.843152e-02 1.178505e-02 9.997607e-01 1.927981e+01
9.998296e-01 -2.658241e-03 -1.826765e-02 -5.618402e-01 2.426184e-03 9.999162e-01 -1.271361e-02 -3.109162e-01 1.829992e-02 1.266713e-02 9.997523e-01 2.018676e+01
9.998260e-01 -2.582666e-03 -1.847616e-02 -5.859210e-01 2.360536e-03 9.999248e-01 -1.203427e-02 -3.336556e-01 1.850585e-02 1.198856e-02 9.997569e-01 2.111897e+01
9.998277e-01 -9.928062e-04 -1.853419e-02 -6.111924e-01 7.454675e-04 9.999106e-01 -1.334714e-02 -3.582472e-01 1.854578e-02 1.333102e-02 9.997391e-01 2.206525e+01
9.998328e-01 1.877257e-03 -1.818753e-02 -6.452119e-01 -2.155882e-03 9.998804e-01 -1.531211e-02 -3.837307e-01 1.815661e-02 1.534876e-02 9.997173e-01 2.302643e+01
9.998151e-01 5.463500e-03 -1.843576e-02 -6.731113e-01 -5.759399e-03 9.998548e-01 -1.603556e-02 -4.093041e-01 1.834547e-02 1.613877e-02 9.997014e-01 2.399912e+01
9.998106e-01 7.294132e-03 -1.804208e-02 -7.109323e-01 -7.582625e-03 9.998437e-01 -1.597365e-02 -4.360999e-01 1.792275e-02 1.610743e-02 9.997096e-01 2.498130e+01
9.997993e-01 8.041576e-03 -1.834683e-02 -7.369815e-01 -8.336776e-03 9.998361e-01 -1.607065e-02 -4.649140e-01 1.821459e-02 1.622038e-02 9.997025e-01 2.597196e+01
9.997980e-01 8.192894e-03 -1.835175e-02 -7.694693e-01 -8.485900e-03 9.998369e-01 -1.594556e-02 -4.938779e-01 1.821812e-02 1.609807e-02 9.997044e-01 2.697584e+01
9.997800e-01 9.195753e-03 -1.885203e-02 -7.941581e-01 -9.475779e-03 9.998453e-01 -1.481882e-02 -5.234919e-01 1.871284e-02 1.499419e-02 9.997125e-01 2.798357e+01
9.997683e-01 9.827524e-03 -1.915193e-02 -8.218420e-01 -1.007591e-02 9.998658e-01 -1.291606e-02 -5.506939e-01 1.902242e-02 1.310604e-02 9.997332e-01 2.899653e+01
9.997560e-01 1.030658e-02 -1.953673e-02 -8.472751e-01 -1.053671e-02 9.998759e-01 -1.171344e-02 -5.794564e-01 1.941358e-02 1.191643e-02 9.997405e-01 3.001249e+01
9.997532e-01 1.011871e-02 -1.977706e-02 -8.741967e-01 -1.036865e-02 9.998672e-01 -1.257643e-02 -6.100235e-01 1.964717e-02 1.277839e-02 9.997253e-01 3.103602e+01
9.997330e-01 1.115941e-02 -2.023546e-02 -8.967502e-01 -1.143223e-02 9.998446e-01 -1.341724e-02 -6.378638e-01 2.008259e-02 1.364500e-02 9.997052e-01 3.207283e+01
9.997155e-01 1.093595e-02 -2.119583e-02 -9.154523e-01 -1.120028e-02 9.998605e-01 -1.239282e-02 -6.644373e-01 2.105735e-02 1.262669e-02 9.996985e-01 3.311621e+01
9.997127e-01 1.043184e-02 -2.158188e-02 -9.435461e-01 -1.064530e-02 9.998953e-01 -9.799465e-03 -6.878856e-01 2.147740e-02 1.002639e-02 9.997191e-01 3.416506e+01
9.997089e-01 1.080931e-02 -2.156914e-02 -9.808722e-01 -1.094349e-02 9.999214e-01 -6.112971e-03 -7.118247e-01 2.150137e-02 6.347234e-03 9.997487e-01 3.521987e+01
9.997059e-01 1.081332e-02 -2.170874e-02 -1.016499e+00 -1.089727e-02 9.999336e-01 -3.752411e-03 -7.359935e-01 2.166672e-02 3.987873e-03 9.997573e-01 3.627698e+01
9.997017e-01 1.067281e-02 -2.196609e-02 -1.047141e+00 -1.074645e-02 9.999370e-01 -3.237030e-03 -7.584476e-01 2.193015e-02 3.472122e-03 9.997535e-01 3.735012e+01
9.997000e-01 1.005277e-02 -2.233532e-02 -1.078397e+00 -1.016094e-02 9.999372e-01 -4.734758e-03 -7.777510e-01 2.228632e-02 4.960285e-03 9.997393e-01 3.842966e+01
9.996828e-01 1.009523e-02 -2.307386e-02 -1.104768e+00 -1.022020e-02 9.999337e-01 -5.304769e-03 -7.964132e-01 2.301878e-02 5.538905e-03 9.997197e-01 3.951544e+01
9.996749e-01 9.951848e-03 -2.347324e-02 -1.139614e+00 -1.005541e-02 9.999402e-01 -4.297943e-03 -8.153659e-01 2.342907e-02 4.532579e-03 9.997152e-01 4.060199e+01
9.996654e-01 1.011973e-02 -2.380310e-02 -1.181774e+00 -1.017922e-02 9.999454e-01 -2.379168e-03 -8.368820e-01 2.377772e-02 2.620669e-03 9.997138e-01 4.169456e+01
9.996646e-01 9.873949e-03 -2.394098e-02 -1.224571e+00 -9.873589e-03 9.999512e-01 1.332265e-04 -8.571242e-01 2.394112e-02 1.032015e-04 9.997134e-01 4.278423e+01
9.996495e-01 1.125274e-02 -2.396189e-02 -1.270909e+00 -1.125959e-02 9.999366e-01 -1.510464e-04 -8.777592e-01 2.395867e-02 4.207945e-04 9.997129e-01 4.387557e+01
9.996280e-01 1.257801e-02 -2.420127e-02 -1.311687e+00 -1.267907e-02 9.999115e-01 -4.026673e-03 -8.989073e-01 2.414848e-02 4.332024e-03 9.996990e-01 4.496567e+01
9.996137e-01 1.403631e-02 -2.398681e-02 -1.354319e+00 -1.423817e-02 9.998645e-01 -8.265375e-03 -9.184784e-01 2.386754e-02 8.603711e-03 9.996781e-01 4.605362e+01
9.996093e-01 1.484078e-02 -2.368741e-02 -1.396860e+00 -1.505291e-02 9.998480e-01 -8.802363e-03 -9.412309e-01 2.355317e-02 9.155488e-03 9.996807e-01 4.714682e+01
9.995995e-01 1.563743e-02 -2.358538e-02 -1.431010e+00 -1.579111e-02 9.998552e-01 -6.343796e-03 -9.655046e-01 2.348276e-02 6.713695e-03 9.997017e-01 4.824207e+01
9.995925e-01 1.649719e-02 -2.329454e-02 -1.456523e+00 -1.660711e-02 9.998518e-01 -4.533127e-03 -9.879111e-01 2.321631e-02 4.918135e-03 9.997184e-01 4.930695e+01
9.996078e-01 1.521960e-02 -2.350586e-02 -1.481746e+00 -1.530516e-02 9.998769e-01 -3.464707e-03 -1.011216e+00 2.345024e-02 3.823109e-03 9.997177e-01 5.039669e+01
9.996195e-01 1.530723e-02 -2.294451e-02 -1.517102e+00 -1.541462e-02 9.998710e-01 -4.510631e-03 -1.036471e+00 2.287251e-02 4.862596e-03 9.997266e-01 5.149351e+01
9.996504e-01 1.480066e-02 -2.190852e-02 -1.560067e+00 -1.494387e-02 9.998679e-01 -6.387633e-03 -1.061088e+00 2.181108e-02 6.712798e-03 9.997396e-01 5.259205e+01
9.996563e-01 1.520401e-02 -2.135732e-02 -1.596794e+00 -1.539174e-02 9.998441e-01 -8.652839e-03 -1.089488e+00 2.122243e-02 8.978591e-03 9.997345e-01 5.369566e+01
9.996844e-01 1.425519e-02 -2.068745e-02 -1.636163e+00 -1.449055e-02 9.998315e-01 -1.127188e-02 -1.120097e+00 2.052328e-02 1.156810e-02 9.997224e-01 5.479698e+01
9.997122e-01 1.276935e-02 -2.031125e-02 -1.666367e+00 -1.306892e-02 9.998068e-01 -1.468517e-02 -1.154812e+00 2.011980e-02 1.494638e-02 9.996859e-01 5.588806e+01
9.997352e-01 1.115766e-02 -2.012716e-02 -1.692281e+00 -1.148955e-02 9.997987e-01 -1.644997e-02 -1.190141e+00 1.993957e-02 1.667687e-02 9.996621e-01 5.698672e+01
9.997550e-01 9.534119e-03 -1.997406e-02 -1.718696e+00 -9.817085e-03 9.998522e-01 -1.411686e-02 -1.226880e+00 1.983651e-02 1.430949e-02 9.997008e-01 5.808235e+01
9.997685e-01 8.065979e-03 -1.994604e-02 -1.743257e+00 -8.232590e-03 9.999318e-01 -8.285159e-03 -1.256727e+00 1.987785e-02 8.447449e-03 9.997667e-01 5.918041e+01
9.997767e-01 6.681693e-03 -2.004648e-02 -1.768325e+00 -6.728103e-03 9.999748e-01 -2.248576e-03 -1.282073e+00 2.003095e-02 2.382949e-03 9.997965e-01 6.029002e+01
9.997876e-01 4.837139e-03 -2.003178e-02 -1.795266e+00 -4.871221e-03 9.999868e-01 -1.652948e-03 -1.303834e+00 2.002352e-02 1.750176e-03 9.997980e-01 6.139699e+01
9.997984e-01 1.727308e-03 -2.000526e-02 -1.826607e+00 -1.822370e-03 9.999871e-01 -4.734622e-03 -1.325163e+00 1.999682e-02 4.770124e-03 9.997887e-01 6.251508e+01
9.998024e-01 4.598349e-04 -1.987215e-02 -1.868718e+00 -6.182937e-04 9.999681e-01 -7.968508e-03 -1.348021e+00 1.986785e-02 7.979220e-03 9.997708e-01 6.363381e+01
9.997894e-01 2.878793e-03 -2.031860e-02 -1.884642e+00 -3.116803e-03 9.999268e-01 -1.169195e-02 -1.387476e+00 2.028346e-02 1.175281e-02 9.997252e-01 6.469882e+01
9.997830e-01 3.091274e-03 -2.059939e-02 -1.893091e+00 -3.417644e-03 9.998689e-01 -1.582733e-02 -1.422169e+00 2.054777e-02 1.589430e-02 9.996625e-01 6.575424e+01
9.997695e-01 5.927084e-03 -2.063553e-02 -1.896636e+00 -6.265479e-03 9.998463e-01 -1.637281e-02 -1.457754e+00 2.053532e-02 1.649833e-02 9.996530e-01 6.681575e+01
9.997563e-01 9.687048e-03 -1.983790e-02 -1.937531e+00 -9.940220e-03 9.998699e-01 -1.270344e-02 -1.491959e+00 1.971226e-02 1.289753e-02 9.997225e-01 6.793355e+01
9.997376e-01 1.145835e-02 -1.983648e-02 -1.967722e+00 -1.166822e-02 9.998768e-01 -1.049685e-02 -1.528999e+00 1.971376e-02 1.072555e-02 9.997481e-01 6.903515e+01
9.997382e-01 1.094378e-02 -2.009361e-02 -1.992048e+00 -1.113994e-02 9.998911e-01 -9.676419e-03 -1.560194e+00 1.998553e-02 9.897727e-03 9.997513e-01 7.014120e+01
9.997515e-01 9.746060e-03 -2.004934e-02 -2.022203e+00 -9.922408e-03 9.999128e-01 -8.715090e-03 -1.594852e+00 1.996265e-02 8.911862e-03 9.997610e-01 7.125728e+01
9.997573e-01 8.790547e-03 -2.020281e-02 -2.062519e+00 -8.937898e-03 9.999340e-01 -7.214923e-03 -1.624858e+00 2.013805e-02 7.393742e-03 9.997699e-01 7.238802e+01
9.997611e-01 7.234132e-03 -2.062611e-02 -2.089690e+00 -7.340186e-03 9.999602e-01 -5.070683e-03 -1.651498e+00 2.058860e-02 5.220871e-03 9.997744e-01 7.350120e+01
9.997547e-01 6.394676e-03 -2.120539e-02 -2.127385e+00 -6.469135e-03 9.999731e-01 -3.444572e-03 -1.677745e+00 2.118279e-02 3.580907e-03 9.997692e-01 7.462378e+01
9.997469e-01 5.750344e-03 -2.175150e-02 -2.167776e+00 -5.853801e-03 9.999718e-01 -4.695666e-03 -1.703332e+00 2.172389e-02 4.821806e-03 9.997524e-01 7.573558e+01
9.997312e-01 5.958740e-03 -2.240715e-02 -2.206493e+00 -6.151254e-03 9.999447e-01 -8.532561e-03 -1.727760e+00 2.235507e-02 8.668099e-03 9.997125e-01 7.683557e+01
9.997129e-01 6.467436e-03 -2.307059e-02 -2.248935e+00 -6.713520e-03 9.999212e-01 -1.060514e-02 -1.754640e+00 2.300019e-02 1.075698e-02 9.996776e-01 7.793861e+01
9.996812e-01 8.844827e-03 -2.365094e-02 -2.293562e+00 -9.058098e-03 9.999191e-01 -8.925556e-03 -1.784608e+00 2.357008e-02 9.136942e-03 9.996804e-01 7.903703e+01
9.996577e-01 9.934502e-03 -2.420384e-02 -2.333361e+00 -1.004908e-02 9.999388e-01 -4.616837e-03 -1.811743e+00 2.415650e-02 4.858483e-03 9.996964e-01 8.014995e+01
9.996429e-01 1.133954e-02 -2.419524e-02 -2.400389e+00 -1.135617e-02 9.999354e-01 -5.504085e-04 -1.838677e+00 2.418744e-02 8.249774e-04 9.997071e-01 8.126258e+01
9.996305e-01 1.242225e-02 -2.417915e-02 -2.459317e+00 -1.242544e-02 9.999228e-01 1.817224e-05 -1.856363e+00 2.417751e-02 2.822711e-04 9.997076e-01 8.232121e+01
9.996288e-01 1.231574e-02 -2.430091e-02 -2.513833e+00 -1.237045e-02 9.999213e-01 -2.102293e-03 -1.875968e+00 2.427310e-02 2.402126e-03 9.997025e-01 8.338813e+01
9.996226e-01 1.221086e-02 -2.460957e-02 -2.559291e+00 -1.228348e-02 9.999206e-01 -2.801875e-03 -1.898665e+00 2.457340e-02 3.103108e-03 9.996932e-01 8.445310e+01
9.996236e-01 1.156067e-02 -2.487993e-02 -2.606665e+00 -1.163794e-02 9.999279e-01 -2.963256e-03 -1.922680e+00 2.484388e-02 3.251692e-03 9.996861e-01 8.550104e+01
9.996208e-01 1.052957e-02 -2.544541e-02 -2.648563e+00 -1.060132e-02 9.999402e-01 -2.686560e-03 -1.946831e+00 2.541560e-02 2.955296e-03 9.996726e-01 8.653475e+01
9.996147e-01 9.444659e-03 -2.610096e-02 -2.679602e+00 -9.483791e-03 9.999541e-01 -1.375857e-03 -1.967616e+00 2.608677e-02 1.622862e-03 9.996584e-01 8.756299e+01
9.996036e-01 9.399261e-03 -2.653691e-02 -2.721001e+00 -9.366947e-03 9.999552e-01 1.341736e-03 -1.990887e+00 2.654833e-02 -1.092634e-03 9.996469e-01 8.856502e+01
9.995904e-01 8.495062e-03 -2.732778e-02 -2.758901e+00 -8.435186e-03 9.999618e-01 2.305577e-03 -2.015409e+00 2.734632e-02 -2.074118e-03 9.996239e-01 8.954951e+01
9.995276e-01 8.012243e-03 -2.966959e-02 -2.783523e+00 -7.937830e-03 9.999650e-01 2.624975e-03 -2.039910e+00 2.968959e-02 -2.388223e-03 9.995563e-01 9.052714e+01
9.994351e-01 7.220218e-03 -3.282174e-02 -2.821052e+00 -7.166607e-03 9.999728e-01 1.750749e-03 -2.060642e+00 3.283348e-02 -1.514539e-03 9.994597e-01 9.146274e+01
9.993316e-01 6.666350e-03 -3.594310e-02 -2.868046e+00 -6.631109e-03 9.999774e-01 1.099593e-03 -2.084272e+00 3.594962e-02 -8.605159e-04 9.993532e-01 9.235411e+01
9.992195e-01 6.318367e-03 -3.899380e-02 -2.909533e+00 -6.267809e-03 9.999794e-01 1.418682e-03 -2.103615e+00 3.900196e-02 -1.173169e-03 9.992384e-01 9.325086e+01
9.991040e-01 8.134050e-03 -4.153472e-02 -2.980627e+00 -8.034638e-03 9.999644e-01 2.559846e-03 -2.129309e+00 4.155406e-02 -2.223836e-03 9.991338e-01 9.413370e+01
9.989743e-01 9.059705e-03 -4.436476e-02 -3.025674e+00 -8.904203e-03 9.999535e-01 3.701442e-03 -2.149283e+00 4.439624e-02 -3.302613e-03 9.990085e-01 9.497905e+01
9.988476e-01 1.046276e-02 -4.683912e-02 -3.087829e+00 -1.022086e-02 9.999332e-01 5.400942e-03 -2.175167e+00 4.689250e-02 -4.915982e-03 9.988878e-01 9.580430e+01
9.987202e-01 1.237218e-02 -4.903901e-02 -3.150273e+00 -1.208266e-02 9.999078e-01 6.195926e-03 -2.193330e+00 4.911115e-02 -5.595475e-03 9.987776e-01 9.661245e+01
9.985743e-01 1.456579e-02 -5.135311e-02 -3.213249e+00 -1.423747e-02 9.998758e-01 6.753379e-03 -2.212760e+00 5.144510e-02 -6.012613e-03 9.986577e-01 9.740710e+01
9.984085e-01 1.640458e-02 -5.395623e-02 -3.261500e+00 -1.613244e-02 9.998549e-01 5.475364e-03 -2.224701e+00 5.403822e-02 -4.596205e-03 9.985283e-01 9.814091e+01
9.982586e-01 1.778542e-02 -5.624371e-02 -3.323424e+00 -1.770760e-02 9.998414e-01 1.881659e-03 -2.246818e+00 5.626826e-02 -8.824409e-04 9.984153e-01 9.885032e+01
9.980815e-01 2.038315e-02 -5.846196e-02 -3.379325e+00 -2.051935e-02 9.997880e-01 -1.730451e-03 -2.263503e+00 5.841429e-02 2.926733e-03 9.982881e-01 9.952522e+01
9.979194e-01 2.227458e-02 -6.050314e-02 -3.432135e+00 -2.257912e-02 9.997356e-01 -4.354416e-03 -2.281502e+00 6.039015e-02 5.711464e-03 9.981585e-01 1.001832e+02
9.978279e-01 2.443970e-02 -6.117415e-02 -3.484155e+00 -2.481110e-02 9.996780e-01 -5.318956e-03 -2.298541e+00 6.102446e-02 6.825201e-03 9.981129e-01 1.008038e+02
9.978217e-01 2.681202e-02 -6.027454e-02 -3.533762e+00 -2.715614e-02 9.996192e-01 -4.897156e-03 -2.316069e+00 6.012029e-02 6.523312e-03 9.981698e-01 1.014040e+02
9.978908e-01 3.074076e-02 -5.717447e-02 -3.577775e+00 -3.098507e-02 9.995141e-01 -3.391318e-03 -2.333336e+00 5.704244e-02 5.155720e-03 9.983584e-01 1.019835e+02
9.981003e-01 3.343155e-02 -5.174985e-02 -3.605175e+00 -3.357876e-02 9.994341e-01 -1.977676e-03 -2.349554e+00 5.165445e-02 3.711615e-03 9.986581e-01 1.025428e+02
9.984302e-01 3.447059e-02 -4.414704e-02 -3.634013e+00 -3.451105e-02 9.994043e-01 -1.544558e-04 -2.362539e+00 4.411542e-02 1.677774e-03 9.990250e-01 1.030732e+02
9.988078e-01 3.450470e-02 -3.453011e-02 -3.645135e+00 -3.445146e-02 9.994041e-01 2.135819e-03 -2.372375e+00 3.458323e-02 -9.436596e-04 9.994014e-01 1.035868e+02
9.991630e-01 3.416559e-02 -2.249658e-02 -3.658091e+00 -3.410129e-02 9.994131e-01 3.235643e-03 -2.386581e+00 2.259393e-02 -2.465772e-03 9.997417e-01 1.040767e+02
9.993969e-01 3.345757e-02 -9.294078e-03 -3.651781e+00 -3.342883e-02 9.994359e-01 3.231070e-03 -2.398589e+00 9.396939e-03 -2.918432e-03 9.999516e-01 1.045321e+02
9.994156e-01 3.358754e-02 6.346744e-03 -3.669005e+00 -3.360255e-02 9.994327e-01 2.274397e-03 -2.414840e+00 -6.266752e-03 -2.486335e-03 9.999773e-01 1.050417e+02
9.991785e-01 3.232579e-02 2.444101e-02 -3.646086e+00 -3.231286e-02 9.994774e-01 -9.237902e-04 -2.427648e+00 -2.445810e-02 1.332723e-04 9.997008e-01 1.054687e+02
9.984472e-01 3.187298e-02 4.568710e-02 -3.619039e+00 -3.164428e-02 9.994828e-01 -5.720527e-03 -2.439738e+00 -4.584580e-02 4.265908e-03 9.989394e-01 1.058970e+02
9.971107e-01 2.965279e-02 6.993491e-02 -3.572916e+00 -2.897713e-02 9.995233e-01 -1.065628e-02 -2.451926e+00 -7.021756e-02 8.598979e-03 9.974946e-01 1.062972e+02
9.948888e-01 2.733221e-02 9.720756e-02 -3.512184e+00 -2.612832e-02 9.995656e-01 -1.363647e-02 -2.464158e+00 -9.753805e-02 1.102690e-02 9.951707e-01 1.067042e+02
9.915976e-01 2.471603e-02 1.269777e-01 -3.431265e+00 -2.297592e-02 9.996212e-01 -1.515064e-02 -2.475995e+00 -1.273041e-01 1.210591e-02 9.917899e-01 1.071039e+02
9.869181e-01 2.283838e-02 1.595966e-01 -3.342062e+00 -2.032420e-02 9.996426e-01 -1.736810e-02 -2.492646e+00 -1.599363e-01 1.389721e-02 9.870295e-01 1.074997e+02
9.805172e-01 2.038348e-02 1.953728e-01 -3.237995e+00 -1.696057e-02 9.996722e-01 -1.917705e-02 -2.511234e+00 -1.956997e-01 1.548979e-02 9.805415e-01 1.078969e+02
9.720757e-01 1.740019e-02 2.340216e-01 -3.110030e+00 -1.303899e-02 9.997115e-01 -2.017029e-02 -2.520747e+00 -2.343050e-01 1.655564e-02 9.720222e-01 1.082578e+02
9.616304e-01 1.548872e-02 2.739107e-01 -2.975104e+00 -9.961204e-03 9.997179e-01 -2.155940e-02 -2.531592e+00 -2.741674e-01 1.800369e-02 9.615134e-01 1.086041e+02
9.486676e-01 1.651500e-02 3.158433e-01 -2.835159e+00 -9.735936e-03 9.996874e-01 -2.302937e-02 -2.546825e+00 -3.161248e-01 1.877219e-02 9.485319e-01 1.089533e+02
9.324362e-01 1.882343e-02 3.608441e-01 -2.684890e+00 -1.085998e-02 9.996509e-01 -2.408416e-02 -2.558928e+00 -3.611715e-01 1.853818e-02 9.323151e-01 1.092903e+02
9.141925e-01 1.910831e-02 4.048296e-01 -2.504726e+00 -1.063873e-02 9.996751e-01 -2.316099e-02 -2.580202e+00 -4.051406e-01 1.686673e-02 9.140988e-01 1.096268e+02
8.932148e-01 1.859949e-02 4.492454e-01 -2.318854e+00 -9.479419e-03 9.997010e-01 -2.254173e-02 -2.590553e+00 -4.495303e-01 1.587602e-02 8.931240e-01 1.099279e+02
8.696075e-01 1.755371e-02 4.934314e-01 -2.118440e+00 -6.793803e-03 9.996986e-01 -2.359087e-02 -2.601268e+00 -4.936968e-01 1.716252e-02 8.694647e-01 1.102100e+02
8.437097e-01 1.817266e-02 5.364920e-01 -1.910026e+00 -5.012827e-03 9.996499e-01 -2.597789e-02 -2.616843e+00 -5.367763e-01 1.922846e-02 8.435054e-01 1.104807e+02
8.152327e-01 2.064099e-02 5.787656e-01 -1.684321e+00 -3.915973e-03 9.995383e-01 -3.013142e-02 -2.628229e+00 -5.791203e-01 2.229769e-02 8.149371e-01 1.107508e+02
7.836047e-01 2.526903e-02 6.207456e-01 -1.448994e+00 -4.785665e-03 9.993883e-01 -3.464141e-02 -2.649048e+00 -6.212413e-01 2.417449e-02 7.832464e-01 1.110071e+02
7.491032e-01 3.137355e-02 6.617100e-01 -1.194836e+00 -7.274156e-03 9.992072e-01 -3.914038e-02 -2.659142e+00 -6.624134e-01 2.450680e-02 7.487376e-01 1.112495e+02
7.113199e-01 3.610036e-02 7.019407e-01 -9.233125e-01 -9.128707e-03 9.990704e-01 -4.213086e-02 -2.673454e+00 -7.028091e-01 2.356071e-02 7.109882e-01 1.114815e+02
6.720310e-01 3.621470e-02 7.396370e-01 -6.255709e-01 -2.322366e-03 9.989016e-01 -4.679893e-02 -2.650792e+00 -7.405194e-01 2.973263e-02 6.713769e-01 1.116961e+02
6.302440e-01 3.398115e-02 7.756531e-01 -3.107826e-01 9.205147e-04 9.990083e-01 -4.451423e-02 -2.679466e+00 -7.763966e-01 2.876883e-02 6.295878e-01 1.118967e+02
5.854334e-01 3.197891e-02 8.100895e-01 1.788364e-02 2.659749e-03 9.991406e-01 -4.136398e-02 -2.699613e+00 -8.107161e-01 2.637049e-02 5.848453e-01 1.120911e+02
5.388180e-01 3.043518e-02 8.418722e-01 3.623646e-01 5.833242e-03 9.991884e-01 -3.985586e-02 -2.701067e+00 -8.424020e-01 2.638590e-02 5.382032e-01 1.122696e+02
4.906875e-01 2.776483e-02 8.708932e-01 7.237814e-01 9.142598e-03 9.992731e-01 -3.700891e-02 -2.714917e+00 -8.712877e-01 2.612204e-02 4.900770e-01 1.124283e+02
4.393158e-01 2.394677e-02 8.980135e-01 1.090882e+00 1.232646e-02 9.993898e-01 -3.268033e-02 -2.736518e+00 -8.982481e-01 2.542631e-02 4.387526e-01 1.125671e+02
3.867067e-01 2.445508e-02 9.218784e-01 1.489764e+00 1.128641e-02 9.994480e-01 -3.124719e-02 -2.744563e+00 -9.221337e-01 2.248819e-02 3.862172e-01 1.127204e+02
3.352012e-01 2.925014e-02 9.416924e-01 1.851095e+00 9.002442e-03 9.993729e-01 -3.424624e-02 -2.762622e+00 -9.421036e-01 1.995691e-02 3.347277e-01 1.128245e+02
2.847027e-01 3.460362e-02 9.579911e-01 2.226525e+00 8.622711e-03 9.992154e-01 -3.865524e-02 -2.775047e+00 -9.585771e-01 1.926573e-02 2.841810e-01 1.128989e+02
2.377617e-01 3.674984e-02 9.706280e-01 2.623482e+00 1.100016e-02 9.991180e-01 -4.052309e-02 -2.791963e+00 -9.712612e-01 2.031190e-02 2.371478e-01 1.129632e+02
1.963334e-01 3.677567e-02 9.798473e-01 3.078178e+00 2.011544e-02 9.989351e-01 -4.152263e-02 -2.800267e+00 -9.803308e-01 2.786234e-02 1.953846e-01 1.130315e+02
1.608228e-01 3.724422e-02 9.862803e-01 3.548695e+00 2.941217e-02 9.986631e-01 -4.250777e-02 -2.808422e+00 -9.865450e-01 3.584486e-02 1.595124e-01 1.130900e+02
1.302602e-01 3.859429e-02 9.907284e-01 4.024340e+00 3.423024e-02 9.984713e-01 -4.339649e-02 -2.827953e+00 -9.908888e-01 3.956571e-02 1.287400e-01 1.131368e+02
1.019975e-01 3.702439e-02 9.940954e-01 4.511891e+00 3.182898e-02 9.986740e-01 -4.046068e-02 -2.856239e+00 -9.942753e-01 3.576794e-02 1.006838e-01 1.131797e+02
7.593913e-02 3.342507e-02 9.965521e-01 4.982999e+00 2.558698e-02 9.990435e-01 -3.545841e-02 -2.877918e+00 -9.967841e-01 2.819144e-02 7.501125e-02 1.132149e+02
5.150214e-02 2.939894e-02 9.982401e-01 5.542837e+00 2.038829e-02 9.993273e-01 -3.048285e-02 -2.909883e+00 -9.984647e-01 2.192234e-02 5.086810e-02 1.132659e+02
2.883488e-02 2.709321e-02 9.992169e-01 6.064821e+00 2.448351e-02 9.993136e-01 -2.780236e-02 -2.935300e+00 -9.992843e-01 2.526602e-02 2.815175e-02 1.132656e+02
8.602685e-03 2.791801e-02 9.995732e-01 6.634699e+00 3.203413e-02 9.990894e-01 -2.818020e-02 -2.965630e+00 -9.994498e-01 3.226288e-02 7.700522e-03 1.132590e+02
-8.832396e-03 3.049173e-02 9.994960e-01 7.186823e+00 3.696571e-02 9.988617e-01 -3.014572e-02 -2.990423e+00 -9.992775e-01 3.668082e-02 -9.949491e-03 1.132388e+02
-2.312681e-02 3.610013e-02 9.990805e-01 7.763859e+00 3.744302e-02 9.986780e-01 -3.521885e-02 -3.007951e+00 -9.990311e-01 3.659409e-02 -2.444793e-02 1.132194e+02
-3.419433e-02 4.080529e-02 9.985818e-01 8.368465e+00 3.488784e-02 9.986059e-01 -3.961161e-02 -3.028477e+00 -9.988061e-01 3.348387e-02 -3.557027e-02 1.132052e+02
-4.062275e-02 4.081580e-02 9.983406e-01 9.016465e+00 3.767362e-02 9.985174e-01 -3.929008e-02 -3.050531e+00 -9.984641e-01 3.601503e-02 -4.210020e-02 1.131835e+02
-4.310479e-02 3.786056e-02 9.983529e-01 9.657817e+00 4.385243e-02 9.983903e-01 -3.596861e-02 -3.079743e+00 -9.981077e-01 4.222978e-02 -4.469568e-02 1.131459e+02
-4.274060e-02 3.633296e-02 9.984253e-01 1.032770e+01 4.500480e-02 9.983941e-01 -3.440526e-02 -3.108201e+00 -9.980720e-01 4.346343e-02 -4.430713e-02 1.131202e+02
-4.091850e-02 3.606949e-02 9.985112e-01 1.099696e+01 4.353297e-02 9.984636e-01 -3.428381e-02 -3.138367e+00 -9.982137e-01 4.206531e-02 -4.242584e-02 1.130982e+02
-3.969469e-02 3.643010e-02 9.985475e-01 1.171625e+01 3.952252e-02 9.986104e-01 -3.486127e-02 -3.173009e+00 -9.984299e-01 3.808131e-02 -4.107934e-02 1.130859e+02
-3.864289e-02 3.787812e-02 9.985349e-01 1.242990e+01 3.874593e-02 9.985866e-01 -3.638063e-02 -3.200115e+00 -9.985016e-01 3.728331e-02 -4.005589e-02 1.130679e+02
-3.765202e-02 3.884657e-02 9.985356e-01 1.314180e+01 3.828435e-02 9.985666e-01 -3.740418e-02 -3.230659e+00 -9.985573e-01 3.681994e-02 -3.908527e-02 1.130440e+02
-3.696379e-02 3.868631e-02 9.985675e-01 1.388644e+01 3.762621e-02 9.985957e-01 -3.729460e-02 -3.257928e+00 -9.986080e-01 3.619376e-02 -3.836751e-02 1.130238e+02
-3.629736e-02 3.712352e-02 9.986513e-01 1.464708e+01 3.659797e-02 9.986888e-01 -3.579471e-02 -3.302587e+00 -9.986707e-01 3.524936e-02 -3.760841e-02 1.130009e+02
-3.595002e-02 3.597910e-02 9.987057e-01 1.541559e+01 3.733823e-02 9.987023e-01 -3.463493e-02 -3.337415e+00 -9.986558e-01 3.604478e-02 -3.724676e-02 1.129783e+02
-3.699614e-02 3.387583e-02 9.987411e-01 1.621282e+01 3.731318e-02 9.987752e-01 -3.249480e-02 -3.373086e+00 -9.986186e-01 3.606402e-02 -3.821484e-02 1.129654e+02
-3.806489e-02 3.216063e-02 9.987576e-01 1.701318e+01 3.502012e-02 9.989109e-01 -3.083087e-02 -3.409836e+00 -9.986614e-01 3.380304e-02 -3.914971e-02 1.129413e+02
-3.930242e-02 3.126870e-02 9.987380e-01 1.782975e+01 3.415057e-02 9.989684e-01 -2.993201e-02 -3.441544e+00 -9.986436e-01 3.293107e-02 -4.032972e-02 1.129165e+02
-4.030602e-02 2.884228e-02 9.987710e-01 1.864476e+01 3.678464e-02 9.989485e-01 -2.736293e-02 -3.474307e+00 -9.985100e-01 3.563654e-02 -4.132460e-02 1.128830e+02
-4.137788e-02 2.745179e-02 9.987664e-01 1.945821e+01 3.831216e-02 9.989309e-01 -2.586908e-02 -3.503840e+00 -9.984088e-01 3.719449e-02 -4.238538e-02 1.128464e+02
-4.328194e-02 2.651267e-02 9.987110e-01 2.031944e+01 3.550385e-02 9.990572e-01 -2.498320e-02 -3.542310e+00 -9.984318e-01 3.437676e-02 -4.418244e-02 1.128274e+02
-4.416256e-02 3.115103e-02 9.985386e-01 2.111537e+01 3.258730e-02 9.990268e-01 -2.972502e-02 -3.577146e+00 -9.984927e-01 3.122695e-02 -4.513471e-02 1.127895e+02
-4.473497e-02 3.580540e-02 9.983570e-01 2.195164e+01 3.388894e-02 9.988367e-01 -3.430409e-02 -3.613662e+00 -9.984239e-01 3.229866e-02 -4.589634e-02 1.127514e+02
-4.600136e-02 3.740665e-02 9.982408e-01 2.278078e+01 3.403114e-02 9.987773e-01 -3.585852e-02 -3.653581e+00 -9.983615e-01 3.232173e-02 -4.721810e-02 1.127162e+02
-4.764347e-02 3.519043e-02 9.982443e-01 2.364034e+01 3.061158e-02 9.989612e-01 -3.375469e-02 -3.694942e+00 -9.983952e-01 2.894965e-02 -4.867121e-02 1.126902e+02
-4.876716e-02 3.085835e-02 9.983334e-01 2.446429e+01 2.747594e-02 9.991858e-01 -2.954254e-02 -3.736729e+00 -9.984322e-01 2.598944e-02 -4.957531e-02 1.126567e+02
-4.915703e-02 2.564216e-02 9.984619e-01 2.531169e+01 2.586692e-02 9.993678e-01 -2.439193e-02 -3.774729e+00 -9.984561e-01 2.462810e-02 -4.978924e-02 1.126233e+02
-4.973449e-02 2.006537e-02 9.985609e-01 2.616763e+01 2.234713e-02 9.995702e-01 -1.897262e-02 -3.806568e+00 -9.985124e-01 2.137138e-02 -5.016152e-02 1.125944e+02
-4.978272e-02 1.870320e-02 9.985849e-01 2.701977e+01 1.986031e-02 9.996455e-01 -1.773296e-02 -3.843824e+00 -9.985626e-01 1.894941e-02 -5.013652e-02 1.125629e+02
-4.908354e-02 2.554128e-02 9.984681e-01 2.784636e+01 2.240326e-02 9.994496e-01 -2.446507e-02 -3.884201e+00 -9.985434e-01 2.116811e-02 -4.962874e-02 1.125330e+02
-4.809721e-02 3.685123e-02 9.981626e-01 2.867458e+01 2.468469e-02 9.990578e-01 -3.569483e-02 -3.919199e+00 -9.985376e-01 2.292251e-02 -4.896156e-02 1.124969e+02
-4.748110e-02 4.226471e-02 9.979776e-01 2.950571e+01 2.683298e-02 9.987978e-01 -4.102281e-02 -3.953598e+00 -9.985117e-01 2.483091e-02 -4.855811e-02 1.124598e+02
-4.619680e-02 3.675697e-02 9.982559e-01 3.034304e+01 2.826773e-02 9.989707e-01 -3.547513e-02 -3.998413e+00 -9.985323e-01 2.657959e-02 -4.718829e-02 1.124230e+02
-4.516404e-02 2.901724e-02 9.985581e-01 3.118029e+01 3.114789e-02 9.991330e-01 -2.762515e-02 -4.043912e+00 -9.984939e-01 2.985532e-02 -4.602871e-02 1.123841e+02
-4.505234e-02 2.606874e-02 9.986444e-01 3.201206e+01 3.184438e-02 9.991889e-01 -2.464634e-02 -4.085361e+00 -9.984770e-01 3.069084e-02 -4.584594e-02 1.123539e+02
-4.526367e-02 2.674168e-02 9.986171e-01 3.283280e+01 3.060468e-02 9.992095e-01 -2.537034e-02 -4.123157e+00 -9.985062e-01 2.941401e-02 -4.604631e-02 1.123240e+02
-4.645669e-02 2.752883e-02 9.985409e-01 3.364656e+01 2.749752e-02 9.992766e-01 -2.626980e-02 -4.162011e+00 -9.985418e-01 2.623699e-02 -4.718006e-02 1.122977e+02
-4.838370e-02 2.729661e-02 9.984558e-01 3.442250e+01 2.480123e-02 9.993511e-01 -2.611926e-02 -4.205368e+00 -9.985209e-01 2.349918e-02 -4.902929e-02 1.122612e+02
-5.066334e-02 2.713161e-02 9.983472e-01 3.522153e+01 2.400608e-02 9.993752e-01 -2.594130e-02 -4.246071e+00 -9.984272e-01 2.265213e-02 -5.128301e-02 1.122261e+02
-5.288251e-02 2.698985e-02 9.982359e-01 3.602434e+01 2.198755e-02 9.994238e-01 -2.585716e-02 -4.294589e+00 -9.983586e-01 2.058137e-02 -5.344548e-02 1.121877e+02
-5.516169e-02 2.710022e-02 9.981096e-01 3.682163e+01 1.986694e-02 9.994635e-01 -2.603902e-02 -4.335244e+00 -9.982798e-01 1.839302e-02 -5.567049e-02 1.121526e+02
-5.710179e-02 2.594883e-02 9.980311e-01 3.761288e+01 1.745008e-02 9.995354e-01 -2.498955e-02 -4.374337e+00 -9.982158e-01 1.598878e-02 -5.752807e-02 1.121088e+02
-5.927460e-02 2.476129e-02 9.979346e-01 3.840189e+01 1.804530e-02 9.995555e-01 -2.372967e-02 -4.412612e+00 -9.980786e-01 1.660146e-02 -5.969508e-02 1.120666e+02
-6.128986e-02 2.471210e-02 9.978140e-01 3.917913e+01 1.717048e-02 9.995716e-01 -2.370095e-02 -4.451546e+00 -9.979723e-01 1.568031e-02 -6.168793e-02 1.120225e+02
-6.326632e-02 2.564793e-02 9.976671e-01 3.995671e+01 1.692883e-02 9.995535e-01 -2.462289e-02 -4.486505e+00 -9.978531e-01 1.533154e-02 -6.367226e-02 1.119776e+02
-6.422496e-02 2.588439e-02 9.975997e-01 4.072634e+01 1.716435e-02 9.995443e-01 -2.482981e-02 -4.519940e+00 -9.977878e-01 1.552846e-02 -6.463999e-02 1.119308e+02
-6.557558e-02 2.473634e-02 9.975410e-01 4.150119e+01 1.906645e-02 9.995412e-01 -2.353257e-02 -4.555154e+00 -9.976654e-01 1.747640e-02 -6.601714e-02 1.118825e+02
-6.718834e-02 2.411781e-02 9.974488e-01 4.226853e+01 1.907159e-02 9.995562e-01 -2.288410e-02 -4.589161e+00 -9.975580e-01 1.748539e-02 -6.761848e-02 1.118349e+02
-6.864493e-02 2.344574e-02 9.973656e-01 4.302095e+01 1.712428e-02 9.996042e-01 -2.231977e-02 -4.626146e+00 -9.974942e-01 1.554703e-02 -6.901925e-02 1.117903e+02
-7.008582e-02 2.248628e-02 9.972875e-01 4.376910e+01 1.534746e-02 9.996519e-01 -2.146102e-02 -4.658020e+00 -9.974229e-01 1.380172e-02 -7.040653e-02 1.117457e+02
-7.082237e-02 2.132329e-02 9.972610e-01 4.450111e+01 1.430537e-02 9.996904e-01 -2.035931e-02 -4.686873e+00 -9.973864e-01 1.282429e-02 -7.110548e-02 1.116971e+02
-7.153418e-02 2.120591e-02 9.972127e-01 4.521410e+01 1.458569e-02 9.996893e-01 -2.021228e-02 -4.716149e+00 -9.973315e-01 1.309917e-02 -7.182125e-02 1.116494e+02
-7.178758e-02 2.365492e-02 9.971394e-01 4.589984e+01 1.427502e-02 9.996407e-01 -2.268655e-02 -4.749236e+00 -9.973178e-01 1.260557e-02 -7.209947e-02 1.116029e+02
-7.201211e-02 2.637554e-02 9.970550e-01 4.658753e+01 1.358433e-02 9.995835e-01 -2.546130e-02 -4.782218e+00 -9.973112e-01 1.171080e-02 -7.234041e-02 1.115558e+02
-7.227071e-02 2.812826e-02 9.969883e-01 4.728026e+01 1.193712e-02 9.995550e-01 -2.733537e-02 -4.810769e+00 -9.973136e-01 9.925623e-03 -7.257432e-02 1.115142e+02
-7.251334e-02 2.899671e-02 9.969458e-01 4.796580e+01 1.187414e-02 9.995315e-01 -2.820825e-02 -4.844439e+00 -9.972968e-01 9.792403e-03 -7.282368e-02 1.114677e+02
-7.295040e-02 2.868953e-02 9.969228e-01 4.867518e+01 1.246573e-02 9.995343e-01 -2.785249e-02 -4.880539e+00 -9.972577e-01 1.039552e-02 -7.327406e-02 1.114290e+02
-7.360332e-02 2.842785e-02 9.968823e-01 4.936929e+01 1.318539e-02 9.995340e-01 -2.752994e-02 -4.910681e+00 -9.972004e-01 1.111798e-02 -7.394386e-02 1.113866e+02
-7.417894e-02 2.828533e-02 9.968437e-01 5.005962e+01 8.884996e-03 9.995767e-01 -2.770171e-02 -4.944369e+00 -9.972054e-01 6.802069e-03 -7.439885e-02 1.113497e+02
-7.421196e-02 2.829463e-02 9.968410e-01 5.073349e+01 5.922185e-03 9.995923e-01 -2.793183e-02 -4.980592e+00 -9.972249e-01 3.830601e-03 -7.434927e-02 1.113106e+02
-7.424172e-02 2.697625e-02 9.968753e-01 5.140945e+01 7.712047e-03 9.996197e-01 -2.647617e-02 -5.014013e+00 -9.972105e-01 5.722314e-03 -7.442152e-02 1.112625e+02
-7.550441e-02 2.644326e-02 9.967948e-01 5.209391e+01 7.958173e-03 9.996325e-01 -2.591573e-02 -5.043901e+00 -9.971137e-01 5.975913e-03 -7.568710e-02 1.112199e+02
-7.920778e-02 2.586481e-02 9.965225e-01 5.276637e+01 4.746002e-03 9.996618e-01 -2.556906e-02 -5.075451e+00 -9.968468e-01 2.704229e-03 -7.930375e-02 1.111769e+02
-8.462628e-02 2.531175e-02 9.960912e-01 5.343376e+01 8.644047e-04 9.996788e-01 -2.532948e-02 -5.107604e+00 -9.964124e-01 -1.282513e-03 -8.462097e-02 1.111315e+02
-9.039379e-02 2.937619e-02 9.954728e-01 5.409129e+01 4.566717e-03 9.995666e-01 -2.908232e-02 -5.136684e+00 -9.958956e-01 1.917181e-03 -9.048876e-02 1.110677e+02
-9.646528e-02 3.248785e-02 9.948060e-01 5.474630e+01 7.089813e-03 9.994642e-01 -3.195249e-02 -5.163190e+00 -9.953111e-01 3.970683e-03 -9.664393e-02 1.109929e+02
-1.040387e-01 3.412403e-02 9.939877e-01 5.541807e+01 6.079330e-03 9.994144e-01 -3.367402e-02 -5.195535e+00 -9.945547e-01 2.539380e-03 -1.041852e-01 1.109295e+02
-1.105063e-01 3.332216e-02 9.933167e-01 5.609053e+01 2.508921e-03 9.994440e-01 -3.324859e-02 -5.227919e+00 -9.938723e-01 -1.182026e-03 -1.105285e-01 1.108638e+02
-1.157548e-01 3.190894e-02 9.927651e-01 5.675817e+01 1.727331e-03 9.994888e-01 -3.192364e-02 -5.263507e+00 -9.932763e-01 -1.980482e-03 -1.157508e-01 1.107872e+02
-1.205049e-01 3.266101e-02 9.921753e-01 5.744712e+01 -4.637601e-04 9.994567e-01 -3.295702e-02 -5.293433e+00 -9.927126e-01 -4.431613e-03 -1.204242e-01 1.107117e+02
-1.245360e-01 3.202887e-02 9.916980e-01 5.814992e+01 -2.396770e-03 9.994662e-01 -3.258074e-02 -5.325786e+00 -9.922122e-01 -6.434349e-03 -1.243928e-01 1.106326e+02
-1.274013e-01 2.915179e-02 9.914228e-01 5.886801e+01 -1.650557e-03 9.995604e-01 -2.960317e-02 -5.354181e+00 -9.918499e-01 -5.407880e-03 -1.272971e-01 1.105509e+02
-1.288521e-01 2.623540e-02 9.913167e-01 5.958559e+01 3.210762e-04 9.996510e-01 -2.641424e-02 -5.386293e+00 -9.916638e-01 -3.085242e-03 -1.288156e-01 1.104580e+02
-1.306395e-01 2.360540e-02 9.911489e-01 6.031088e+01 7.426919e-05 9.997167e-01 -2.379966e-02 -5.417460e+00 -9.914299e-01 -3.035564e-03 -1.306043e-01 1.103728e+02
-1.322687e-01 2.328116e-02 9.909405e-01 6.103315e+01 -7.272484e-04 9.997216e-01 -2.358453e-02 -5.447934e+00 -9.912136e-01 -3.840155e-03 -1.322150e-01 1.102925e+02
-1.329557e-01 2.721021e-02 9.907484e-01 6.175859e+01 1.281098e-03 9.996270e-01 -2.728214e-02 -5.476656e+00 -9.911212e-01 -2.358069e-03 -1.329409e-01 1.102035e+02
-1.329444e-01 3.148326e-02 9.906233e-01 6.248152e+01 7.026203e-03 9.995002e-01 -3.082244e-02 -5.505834e+00 -9.910986e-01 2.862651e-03 -1.330991e-01 1.100965e+02
-1.336471e-01 3.654300e-02 9.903550e-01 6.321885e+01 1.408772e-02 9.992890e-01 -3.497154e-02 -5.542375e+00 -9.909288e-01 9.277996e-03 -1.340669e-01 1.099947e+02
-1.344461e-01 3.768242e-02 9.902042e-01 6.397737e+01 1.417572e-02 9.992476e-01 -3.610184e-02 -5.578361e+00 -9.908195e-01 9.183109e-03 -1.348791e-01 1.098954e+02
-1.351897e-01 3.531077e-02 9.901903e-01 6.472843e+01 1.137879e-02 9.993542e-01 -3.408402e-02 -5.616353e+00 -9.907544e-01 6.659361e-03 -1.355042e-01 1.098054e+02
-1.350544e-01 3.045386e-02 9.903701e-01 6.547340e+01 1.154878e-02 9.995080e-01 -2.915998e-02 -5.653233e+00 -9.907709e-01 7.499382e-03 -1.353397e-01 1.097101e+02
-1.353349e-01 2.842754e-02 9.903920e-01 6.621504e+01 1.315549e-02 9.995518e-01 -2.689279e-02 -5.691083e+00 -9.907126e-01 9.389555e-03 -1.356482e-01 1.096113e+02
-1.363800e-01 2.809058e-02 9.902583e-01 6.695043e+01 1.301930e-02 9.995624e-01 -2.656146e-02 -5.725947e+00 -9.905710e-01 9.270017e-03 -1.366861e-01 1.095156e+02
-1.382435e-01 2.900853e-02 9.899734e-01 6.769010e+01 1.150958e-02 9.995505e-01 -2.768193e-02 -5.761136e+00 -9.903314e-01 7.567337e-03 -1.385152e-01 1.094218e+02
-1.404168e-01 2.967499e-02 9.896477e-01 6.842766e+01 1.060233e-02 9.995385e-01 -2.846725e-02 -5.795605e+00 -9.900357e-01 6.495296e-03 -1.406666e-01 1.093238e+02
-1.425647e-01 2.986058e-02 9.893350e-01 6.916289e+01 1.145471e-02 9.995277e-01 -2.851758e-02 -5.830944e+00 -9.897192e-01 7.266949e-03 -1.428394e-01 1.092212e+02
-1.443867e-01 2.994219e-02 9.890682e-01 6.989964e+01 1.134046e-02 9.995265e-01 -2.860328e-02 -5.866321e+00 -9.894563e-01 7.086551e-03 -1.446579e-01 1.091168e+02
-1.464959e-01 2.950770e-02 9.887711e-01 7.064487e+01 1.077752e-02 9.995433e-01 -2.823238e-02 -5.902064e+00 -9.891526e-01 6.520575e-03 -1.467470e-01 1.090129e+02
-1.482276e-01 2.982439e-02 9.885035e-01 7.139122e+01 8.550135e-03 9.995464e-01 -2.887547e-02 -5.934378e+00 -9.889163e-01 4.171697e-03 -1.484153e-01 1.089098e+02
-1.493449e-01 3.141850e-02 9.882859e-01 7.214018e+01 8.416986e-03 9.994992e-01 -3.050305e-02 -5.969013e+00 -9.887493e-01 3.762913e-03 -1.495346e-01 1.088012e+02
-1.502525e-01 3.169782e-02 9.881394e-01 7.289661e+01 6.942162e-03 9.994951e-01 -3.100649e-02 -6.005027e+00 -9.886233e-01 2.201019e-03 -1.503967e-01 1.086933e+02
-1.517855e-01 3.240781e-02 9.878820e-01 7.369343e+01 7.288704e-03 9.994719e-01 -3.166813e-02 -6.029876e+00 -9.883866e-01 2.393618e-03 -1.519415e-01 1.085898e+02
-1.528382e-01 3.062989e-02 9.877764e-01 7.446093e+01 7.241642e-03 9.995274e-01 -2.987378e-02 -6.068360e+00 -9.882247e-01 2.587267e-03 -1.529878e-01 1.084755e+02
-1.540811e-01 2.843570e-02 9.876489e-01 7.526800e+01 5.444106e-03 9.995950e-01 -2.793032e-02 -6.100349e+00 -9.880432e-01 1.073330e-03 -1.541735e-01 1.083701e+02
-1.560745e-01 2.622685e-02 9.873970e-01 7.604522e+01 2.133657e-03 9.996540e-01 -2.621516e-02 -6.135206e+00 -9.877430e-01 -1.984753e-03 -1.560765e-01 1.082598e+02
-1.581601e-01 2.542998e-02 9.870860e-01 7.680689e+01 3.027407e-03 9.996761e-01 -2.526926e-02 -6.176365e+00 -9.874088e-01 -1.008279e-03 -1.581859e-01 1.081381e+02
