1.000000e+00 -8.114079e-10 -9.685321e-10 -2.458973e-12 8.114079e-10 1.000000e+00 7.454699e-10 2.531338e-12 9.685321e-10 -7.454699e-10 1.000000e+00 -8.229834e-13
9.999973e-01 -1.848205e-03 -1.438219e-03 -5.428315e-03 1.847010e-03 9.999979e-01 -8.315249e-04 -1.201940e-02 1.439752e-03 8.288662e-04 9.999986e-01 5.644581e-01
9.999950e-01 -2.278308e-03 -2.214346e-03 -1.781153e-02 2.273058e-03 9.999946e-01 -2.370455e-03 -2.379595e-02 2.219735e-03 2.365411e-03 9.999947e-01 1.123629e+00
9.999888e-01 -2.626484e-03 -3.950841e-03 -2.732325e-02 2.611517e-03 9.999894e-01 -3.788716e-03 -3.568130e-02 3.960750e-03 3.778356e-03 9.999850e-01 1.681136e+00
9.999698e-01 -4.759870e-03 -6.145008e-03 -2.186691e-02 4.725541e-03 9.999732e-01 -5.588974e-03 -4.697023e-02 6.171446e-03 5.559767e-03 9.999655e-01 2.258541e+00
9.999436e-01 -7.125334e-03 -7.882278e-03 -1.910848e-02 7.066179e-03 9.999469e-01 -7.507384e-03 -6.190680e-02 7.935352e-03 7.451263e-03 9.999408e-01 2.817472e+00
9.999202e-01 -8.485325e-03 -9.350000e-03 -2.417332e-02 8.408083e-03 9.999305e-01 -8.269742e-03 -7.309280e-02 9.419522e-03 8.190467e-03 9.999221e-01 3.403767e+00
9.999115e-01 -8.801215e-03 -9.972630e-03 -6.075278e-02 8.724131e-03 9.999319e-01 -7.746796e-03 -8.029233e-02 1.004014e-02 7.659107e-03 9.999203e-01 3.969624e+00
9.998839e-01 -9.007245e-03 -1.229087e-02 -2.820479e-02 8.908770e-03 9.999281e-01 -8.043487e-03 -1.002578e-01 1.236243e-02 7.933055e-03 9.998920e-01 4.598774e+00
9.998784e-01 -8.438733e-03 -1.311017e-02 -4.951195e-02 8.297765e-03 9.999077e-01 -1.077003e-02 -1.143983e-01 1.319984e-02 1.065994e-02 9.998560e-01 5.187807e+00
9.998689e-01 -6.599696e-03 -1.478644e-02 -4.937662e-02 6.384039e-03 9.998733e-01 -1.458479e-02 -1.328873e-01 1.488082e-02 1.448849e-02 9.997843e-01 5.793530e+00
9.998684e-01 -5.067386e-03 -1.541073e-02 -8.738981e-02 4.782345e-03 9.998179e-01 -1.847723e-02 -1.412492e-01 1.550155e-02 1.840110e-02 9.997105e-01 6.394260e+00
9.998541e-01 -3.286350e-03 -1.675889e-02 -1.008902e-01 2.977080e-03 9.998255e-01 -1.844577e-02 -1.550619e-01 1.681659e-02 1.839319e-02 9.996894e-01 7.029264e+00
9.998449e-01 -7.479557e-04 -1.758966e-02 -1.295459e-01 5.425727e-04 9.999317e-01 -1.167823e-02 -1.663758e-01 1.759719e-02 1.166687e-02 9.997770e-01 7.682559e+00
9.998326e-01 1.093871e-04 -1.829210e-02 -1.520294e-01 -1.320690e-04 9.999992e-01 -1.238792e-03 -1.793107e-01 1.829195e-02 1.241001e-03 9.998320e-01 8.343564e+00
9.998271e-01 1.327464e-03 -1.854602e-02 -1.889725e-01 -1.225815e-03 9.999841e-01 5.491191e-03 -1.945880e-01 1.855302e-02 -5.467507e-03 9.998129e-01 9.013660e+00
9.997923e-01 3.419256e-03 -2.008926e-02 -2.071651e-01 -3.330591e-03 9.999846e-01 4.445444e-03 -2.073301e-01 2.010415e-02 -4.377612e-03 9.997883e-01 9.690745e+00
9.997712e-01 5.445521e-03 -2.068490e-02 -2.378405e-01 -5.506100e-03 9.999808e-01 -2.872775e-03 -2.125724e-01 2.066886e-02 2.986011e-03 9.997819e-01 1.038743e+01
9.997759e-01 5.241749e-03 -2.050595e-02 -2.676271e-01 -5.418187e-03 9.999487e-01 -8.558215e-03 -2.180267e-01 2.046004e-02 8.667403e-03 9.997531e-01 1.108968e+01
9.997622e-01 3.181280e-03 -2.157189e-02 -2.878188e-01 -3.330007e-03 9.999709e-01 -6.862137e-03 -2.261482e-01 2.154943e-02 6.932341e-03 9.997438e-01 1.182189e+01
9.997738e-01 2.252818e-03 -2.114680e-02 -3.286145e-01 -2.188295e-03 9.999929e-01 3.073844e-03 -2.409462e-01 2.115358e-02 -3.026872e-03 9.997715e-01 1.259829e+01
9.997737e-01 1.800647e-03 -2.119666e-02 -3.600926e-01 -1.576064e-03 9.999425e-01 1.060712e-02 -2.503986e-01 2.121455e-02 -1.057131e-02 9.997189e-01 1.338152e+01
9.997801e-01 8.321498e-04 -2.095033e-02 -3.868687e-01 -5.524569e-04 9.999107e-01 1.335254e-02 -2.555817e-01 2.095959e-02 -1.333804e-02 9.996914e-01 1.418195e+01
9.997797e-01 -1.164221e-03 -2.095508e-02 -4.094666e-01 1.422667e-03 9.999231e-01 1.232263e-02 -2.567943e-01 2.093913e-02 -1.234974e-02 9.997046e-01 1.499167e+01
9.998084e-01 -1.302271e-03 -1.953125e-02 -4.295471e-01 1.496186e-03 9.999497e-01 9.917091e-03 -2.577368e-01 1.951735e-02 -9.944413e-03 9.997601e-01 1.581493e+01
9.998200e-01 1.174845e-03 -1.893696e-02 -4.546668e-01 -1.050184e-03 9.999777e-01 6.591488e-03 -2.621375e-01 1.894429e-02 -6.570414e-03 9.997990e-01 1.665819e+01
9.998381e-01 -1.715293e-03 -1.791367e-02 -4.693563e-01 1.735708e-03 9.999979e-01 1.124124e-03 -2.662667e-01 1.791172e-02 -1.155035e-03 9.998390e-01 1.751785e+01
9.998432e-01 -4.505385e-03 -1.712852e-02 -4.883237e-01 4.416411e-03 9.999765e-01 -5.228774e-03 -2.757096e-01 1.715168e-02 5.152308e-03 9.998397e-01 1.839253e+01
9.998641e-01 -3.348548e-03 -1.614215e-02 -5.085539e-01 3.177810e-03 9.999389e-01 -1.059110e-02 -2.858679e-01 1.617663e-02 1.053836e-02 9.998137e-01 1.928613e+01
9.998695e-01 -2.087081e-03 -1.602379e-02 -5.298816e-01 1.903722e-03 9.999327e-01 -1.144961e-02 -3.006275e-01 1.604662e-02 1.141761e-02 9.998061e-01 2.019315e+01
9.998572e-01 -1.980821e-03 -1.679004e-02 -5.473705e-01 1.804414e-03 9.999431e-01 -1.051535e-02 -3.226322e-01 1.680992e-02 1.048355e-02 9.998038e-01 2.112027e+01
9.998580e-01 -3.886981e-04 -1.684887e-02 -5.710536e-01 1.894063e-04 9.999300e-01 -1.182821e-02 -3.457816e-01 1.685228e-02 1.182334e-02 9.997880e-01 2.206663e+01
9.998532e-01 2.537076e-03 -1.693951e-02 -6.000361e-01 -2.770633e-03 9.999011e-01 -1.377859e-02 -3.693873e-01 1.690288e-02 1.382350e-02 9.997615e-01 2.302135e+01
9.998335e-01 6.124293e-03 -1.718822e-02 -6.267280e-01 -6.373846e-03 9.998744e-01 -1.450190e-02 -3.934621e-01 1.709725e-02 1.460904e-02 9.997470e-01 2.399411e+01
9.998235e-01 7.916568e-03 -1.703898e-02 -6.612470e-01 -8.163628e-03 9.998619e-01 -1.447933e-02 -4.182957e-01 1.692201e-02 1.461587e-02 9.997500e-01 2.497087e+01
9.998120e-01 8.664121e-03 -1.734380e-02 -6.863101e-01 -8.917338e-03 9.998540e-01 -1.457616e-02 -4.456240e-01 1.721498e-02 1.472807e-02 9.997433e-01 2.596160e+01
9.998051e-01 8.801706e-03 -1.766945e-02 -7.163148e-01 -9.058741e-03 9.998537e-01 -1.451994e-02 -4.724665e-01 1.753907e-02 1.467718e-02 9.997383e-01 2.696152e+01
9.997851e-01 9.720619e-03 -1.831272e-02 -7.401653e-01 -9.966599e-03 9.998607e-01 -1.338928e-02 -5.004618e-01 1.818002e-02 1.356890e-02 9.997428e-01 2.796624e+01
9.997733e-01 1.028342e-02 -1.864329e-02 -7.671657e-01 -1.049803e-02 9.998793e-01 -1.145047e-02 -5.261094e-01 1.852327e-02 1.164360e-02 9.997607e-01 2.897806e+01
9.997567e-01 1.088607e-02 -1.918657e-02 -7.925811e-01 -1.108482e-02 9.998857e-01 -1.028305e-02 -5.530941e-01 1.907244e-02 1.049321e-02 9.997631e-01 2.999539e+01
9.997516e-01 1.074276e-02 -1.952935e-02 -8.198415e-01 -1.096388e-02 9.998767e-01 -1.125054e-02 -5.817356e-01 1.940607e-02 1.146187e-02 9.997460e-01 3.102041e+01
9.997315e-01 1.183533e-02 -1.992875e-02 -8.431043e-01 -1.208019e-02 9.998523e-01 -1.221177e-02 -6.080554e-01 1.978128e-02 1.244925e-02 9.997268e-01 3.205885e+01
9.997198e-01 1.153122e-02 -2.066636e-02 -8.621745e-01 -1.176669e-02 9.998668e-01 -1.130951e-02 -6.336093e-01 2.053321e-02 1.154952e-02 9.997223e-01 3.310377e+01
9.997124e-01 1.103368e-02 -2.129779e-02 -8.880841e-01 -1.122224e-02 9.998987e-01 -8.754483e-03 -6.567067e-01 2.119905e-02 8.990964e-03 9.997350e-01 3.415247e+01
9.997004e-01 1.153513e-02 -2.159026e-02 -9.252769e-01 -1.164908e-02 9.999187e-01 -5.160408e-03 -6.801285e-01 2.152898e-02 5.410370e-03 9.997537e-01 3.521411e+01
9.996972e-01 1.180219e-02 -2.159468e-02 -9.621379e-01 -1.186584e-02 9.999256e-01 -2.821801e-03 -7.039769e-01 2.155977e-02 3.077185e-03 9.997628e-01 3.627749e+01
9.996935e-01 1.181089e-02 -2.175091e-02 -9.938912e-01 -1.186706e-02 9.999266e-01 -2.455034e-03 -7.253415e-01 2.172030e-02 2.712401e-03 9.997604e-01 3.735698e+01
9.996949e-01 1.140930e-02 -2.190620e-02 -1.026838e+00 -1.150145e-02 9.999256e-01 -4.085331e-03 -7.440944e-01 2.185796e-02 4.336038e-03 9.997517e-01 3.844277e+01
9.996819e-01 1.198565e-02 -2.219135e-02 -1.054771e+00 -1.209016e-02 9.999164e-01 -4.581150e-03 -7.625173e-01 2.213459e-02 4.847988e-03 9.997432e-01 3.953436e+01
9.996774e-01 1.184319e-02 -2.246391e-02 -1.089648e+00 -1.192525e-02 9.999227e-01 -3.522511e-03 -7.808590e-01 2.242047e-02 3.789263e-03 9.997413e-01 4.062621e+01
9.996664e-01 1.212965e-02 -2.279775e-02 -1.131310e+00 -1.216716e-02 9.999249e-01 -1.506743e-03 -8.020683e-01 2.277777e-02 1.783624e-03 9.997389e-01 4.172376e+01
9.996589e-01 1.192016e-02 -2.323652e-02 -1.172937e+00 -1.189795e-02 9.999285e-01 1.094081e-03 -8.217187e-01 2.324789e-02 -8.172405e-04 9.997295e-01 4.281723e+01
9.996467e-01 1.329660e-02 -2.300981e-02 -1.219790e+00 -1.328473e-02 9.999115e-01 6.684882e-04 -8.412198e-01 2.301667e-02 -3.625729e-04 9.997351e-01 4.391307e+01
9.996202e-01 1.444972e-02 -2.346398e-02 -1.258981e+00 -1.452923e-02 9.998892e-01 -3.220668e-03 -8.617191e-01 2.341484e-02 3.560357e-03 9.997195e-01 4.500411e+01
9.996055e-01 1.572970e-02 -2.326430e-02 -1.300862e+00 -1.590619e-02 9.998460e-01 -7.420818e-03 -8.809369e-01 2.314399e-02 7.787939e-03 9.997018e-01 4.609404e+01
9.995962e-01 1.639258e-02 -2.321179e-02 -1.341792e+00 -1.657496e-02 9.998332e-01 -7.686904e-03 -9.040437e-01 2.308190e-02 8.068534e-03 9.997011e-01 4.718681e+01
9.995795e-01 1.700189e-02 -2.349013e-02 -1.375386e+00 -1.712219e-02 9.998412e-01 -4.929542e-03 -9.282694e-01 2.340259e-02 5.329671e-03 9.997119e-01 4.828367e+01
9.995752e-01 1.774243e-02 -2.312212e-02 -1.403950e+00 -1.780986e-02 9.998377e-01 -2.713778e-03 -9.502511e-01 2.307024e-02 3.124427e-03 9.997291e-01 4.935637e+01
9.996028e-01 1.630850e-02 -2.297960e-02 -1.431954e+00 -1.634926e-02 9.998652e-01 -1.587980e-03 -9.714800e-01 2.295061e-02 1.963048e-03 9.997347e-01 5.045107e+01
9.996179e-01 1.628308e-02 -2.232970e-02 -1.468704e+00 -1.634700e-02 9.998628e-01 -2.682416e-03 -9.939894e-01 2.228297e-02 3.046416e-03 9.997472e-01 5.155106e+01
9.996441e-01 1.566243e-02 -2.159524e-02 -1.511699e+00 -1.576612e-02 9.998648e-01 -4.639314e-03 -1.015943e+00 2.151964e-02 4.978136e-03 9.997561e-01 5.265065e+01
9.996434e-01 1.599088e-02 -2.138775e-02 -1.547600e+00 -1.614067e-02 9.998463e-01 -6.848333e-03 -1.042340e+00 2.127495e-02 7.191103e-03 9.997479e-01 5.375382e+01
9.996652e-01 1.508727e-02 -2.102368e-02 -1.587154e+00 -1.528626e-02 9.998397e-01 -9.336779e-03 -1.071209e+00 2.087944e-02 9.655036e-03 9.997353e-01 5.485618e+01
9.996863e-01 1.369178e-02 -2.097914e-02 -1.617855e+00 -1.395800e-02 9.998233e-01 -1.259615e-02 -1.104275e+00 2.080296e-02 1.288500e-02 9.997006e-01 5.594901e+01
9.997091e-01 1.228973e-02 -2.076039e-02 -1.645947e+00 -1.258824e-02 9.998184e-01 -1.431026e-02 -1.137617e+00 2.058076e-02 1.456743e-02 9.996821e-01 5.705031e+01
9.997297e-01 1.087651e-02 -2.054149e-02 -1.673993e+00 -1.112338e-02 9.998669e-01 -1.194203e-02 -1.172548e+00 2.040885e-02 1.216729e-02 9.997176e-01 5.814817e+01
9.997444e-01 9.503993e-03 -2.051399e-02 -1.699889e+00 -9.630692e-03 9.999351e-01 -6.086430e-03 -1.200537e+00 2.045481e-02 6.282438e-03 9.997709e-01 5.924899e+01
9.997594e-01 8.300499e-03 -2.030466e-02 -1.727183e+00 -8.302795e-03 9.999654e-01 -2.881380e-05 -1.223824e+00 2.030372e-02 1.973931e-04 9.997938e-01 6.036174e+01
9.997701e-01 6.681197e-03 -2.037076e-02 -1.755236e+00 -6.669301e-03 9.999776e-01 6.518610e-04 -1.243742e+00 2.037466e-02 -5.158530e-04 9.997923e-01 6.147086e+01
9.997859e-01 3.502698e-03 -2.039277e-02 -1.788554e+00 -3.552115e-03 9.999907e-01 -2.387505e-03 -1.262419e+00 2.038421e-02 2.459431e-03 9.997893e-01 6.259199e+01
9.997855e-01 2.245371e-03 -2.058780e-02 -1.832703e+00 -2.359560e-03 9.999821e-01 -5.523830e-03 -1.282456e+00 2.057502e-02 5.571223e-03 9.997729e-01 6.371506e+01
9.997673e-01 4.515565e-03 -2.109414e-02 -1.853986e+00 -4.713403e-03 9.999453e-01 -9.338558e-03 -1.318124e+00 2.105083e-02 9.435796e-03 9.997339e-01 6.479145e+01
9.997673e-01 4.626079e-03 -2.106410e-02 -1.869503e+00 -4.915350e-03 9.998940e-01 -1.370192e-02 -1.348909e+00 2.099850e-02 1.380227e-02 9.996842e-01 6.585973e+01
9.997562e-01 7.442416e-03 -2.078810e-02 -1.879483e+00 -7.743036e-03 9.998660e-01 -1.441833e-02 -1.381027e+00 2.067800e-02 1.457578e-02 9.996799e-01 6.693161e+01
9.997468e-01 1.118660e-02 -1.952271e-02 -1.924822e+00 -1.140237e-02 9.998747e-01 -1.097606e-02 -1.411944e+00 1.939748e-02 1.119587e-02 9.997491e-01 6.805701e+01
9.997353e-01 1.280641e-02 -1.911526e-02 -1.957465e+00 -1.297985e-02 9.998753e-01 -8.977424e-03 -1.446107e+00 1.899791e-02 9.223157e-03 9.997769e-01 6.916393e+01
9.997405e-01 1.218035e-02 -1.925108e-02 -1.980832e+00 -1.234004e-02 9.998901e-01 -8.198364e-03 -1.475187e+00 1.914911e-02 8.433796e-03 9.997811e-01 7.027176e+01
9.997601e-01 1.089498e-02 -1.900038e-02 -2.009537e+00 -1.103632e-02 9.999121e-01 -7.350166e-03 -1.507440e+00 1.891863e-02 7.558097e-03 9.997924e-01 7.138839e+01
9.997642e-01 9.885522e-03 -1.933749e-02 -2.046129e+00 -1.000196e-02 9.999323e-01 -5.933876e-03 -1.535083e+00 1.927752e-02 6.125890e-03 9.997955e-01 7.251501e+01
9.997753e-01 8.232828e-03 -1.953290e-02 -2.072098e+00 -8.310889e-03 9.999578e-01 -3.918577e-03 -1.559674e+00 1.949979e-02 4.080032e-03 9.998015e-01 7.362727e+01
9.997784e-01 7.243247e-03 -1.976331e-02 -2.108684e+00 -7.290615e-03 9.999706e-01 -2.325684e-03 -1.584269e+00 1.974588e-02 2.469254e-03 9.998020e-01 7.475026e+01
9.997721e-01 6.554632e-03 -2.031922e-02 -2.145308e+00 -6.627600e-03 9.999717e-01 -3.525909e-03 -1.608604e+00 2.029555e-02 3.659773e-03 9.997873e-01 7.586017e+01
9.997599e-01 6.740751e-03 -2.085548e-02 -2.180980e+00 -6.893339e-03 9.999499e-01 -7.253285e-03 -1.631754e+00 2.080554e-02 7.395307e-03 9.997562e-01 7.695989e+01
9.997431e-01 7.250551e-03 -2.147689e-02 -2.218992e+00 -7.452298e-03 9.999286e-01 -9.328639e-03 -1.656446e+00 2.140774e-02 9.486295e-03 9.997258e-01 7.806303e+01
9.997059e-01 9.598759e-03 -2.227481e-02 -2.257045e+00 -9.769786e-03 9.999234e-01 -7.581957e-03 -1.683972e+00 2.220033e-02 7.797345e-03 9.997231e-01 7.916313e+01
9.996846e-01 1.072414e-02 -2.270926e-02 -2.290297e+00 -1.080151e-02 9.999362e-01 -3.287194e-03 -1.708612e+00 2.267258e-02 3.531452e-03 9.997367e-01 8.027404e+01
9.996571e-01 1.211601e-02 -2.321234e-02 -2.346919e+00 -1.210541e-02 9.999267e-01 5.963227e-04 -1.732680e+00 2.321787e-02 -3.151231e-04 9.997304e-01 8.138730e+01
9.996217e-01 1.310272e-02 -2.418469e-02 -2.396351e+00 -1.308090e-02 9.999139e-01 1.059940e-03 -1.748667e+00 2.419650e-02 -7.431815e-04 9.997068e-01 8.244936e+01
9.995873e-01 1.311555e-02 -2.555386e-02 -2.443266e+00 -1.314803e-02 9.999130e-01 -1.103561e-03 -1.767121e+00 2.553715e-02 1.439089e-03 9.996728e-01 8.352117e+01
9.995641e-01 1.306510e-02 -2.647801e-02 -2.485326e+00 -1.311810e-02 9.999122e-01 -1.829131e-03 -1.788993e+00 2.645179e-02 2.175673e-03 9.996477e-01 8.458533e+01
9.995388e-01 1.249509e-02 -2.767607e-02 -2.529890e+00 -1.255395e-02 9.999193e-01 -1.954155e-03 -1.812223e+00 2.764942e-02 2.300698e-03 9.996151e-01 8.563420e+01
9.995139e-01 1.142198e-02 -2.901032e-02 -2.570613e+00 -1.147249e-02 9.999330e-01 -1.575205e-03 -1.835286e+00 2.899038e-02 1.907260e-03 9.995779e-01 8.666577e+01
9.994940e-01 1.043234e-02 -3.004904e-02 -2.602230e+00 -1.044195e-02 9.999455e-01 -1.629135e-04 -1.854577e+00 3.004571e-02 4.766000e-04 9.995485e-01 8.769094e+01
9.994773e-01 1.048581e-02 -3.057600e-02 -2.645405e+00 -1.041495e-02 9.999426e-01 2.475850e-03 -1.875505e+00 3.060020e-02 -2.156109e-03 9.995293e-01 8.868924e+01
9.994619e-01 9.585593e-03 -3.136573e-02 -2.687311e+00 -9.482292e-03 9.999491e-01 3.440517e-03 -1.898897e+00 3.139711e-02 -3.141247e-03 9.995021e-01 8.967360e+01
9.994006e-01 9.068694e-03 -3.340621e-02 -2.714290e+00 -8.954050e-03 9.999534e-01 3.579775e-03 -1.920792e+00 3.343714e-02 -3.278508e-03 9.994354e-01 9.064473e+01
9.992972e-01 8.273414e-03 -3.655889e-02 -2.755341e+00 -8.179825e-03 9.999628e-01 2.708752e-03 -1.940620e+00 3.657995e-02 -2.407802e-03 9.993278e-01 9.158020e+01
9.991789e-01 7.802727e-03 -3.975773e-02 -2.802086e+00 -7.737400e-03 9.999685e-01 1.796729e-03 -1.961558e+00 3.977050e-02 -1.487633e-03 9.992076e-01 9.246669e+01
9.990556e-01 7.455943e-03 -4.280760e-02 -2.847019e+00 -7.371968e-03 9.999707e-01 2.119192e-03 -1.980265e+00 4.282215e-02 -1.801615e-03 9.990810e-01 9.336329e+01
9.989048e-01 9.086848e-03 -4.590068e-02 -2.915336e+00 -8.957503e-03 9.999552e-01 3.022829e-03 -2.003233e+00 4.592609e-02 -2.608363e-03 9.989414e-01 9.423906e+01
9.987619e-01 1.001720e-02 -4.872907e-02 -2.964098e+00 -9.825740e-03 9.999430e-01 4.167035e-03 -2.022806e+00 4.876804e-02 -3.683077e-03 9.988033e-01 9.508421e+01
9.985868e-01 1.146236e-02 -5.189338e-02 -3.023009e+00 -1.118466e-02 9.999216e-01 5.638572e-03 -2.046516e+00 5.195395e-02 -5.050194e-03 9.986366e-01 9.590250e+01
9.984463e-01 1.337518e-02 -5.409191e-02 -3.089564e+00 -1.304590e-02 9.998943e-01 6.435677e-03 -2.064463e+00 5.417227e-02 -5.720000e-03 9.985151e-01 9.671033e+01
9.982269e-01 1.554257e-02 -5.745656e-02 -3.149322e+00 -1.518038e-02 9.998620e-01 6.734844e-03 -2.082138e+00 5.755330e-02 -5.850692e-03 9.983253e-01 9.749777e+01
9.980435e-01 1.737264e-02 -6.006004e-02 -3.202073e+00 -1.707536e-02 9.998393e-01 5.459287e-03 -2.094083e+00 6.014522e-02 -4.423061e-03 9.981798e-01 9.823127e+01
9.978274e-01 1.873997e-02 -6.315947e-02 -3.263849e+00 -1.866513e-02 9.998241e-01 1.774622e-03 -2.114981e+00 6.318163e-02 -5.918855e-04 9.980019e-01 9.893686e+01
9.976328e-01 2.131119e-02 -6.538021e-02 -3.324441e+00 -2.147706e-02 9.997676e-01 -1.835358e-03 -2.131721e+00 6.532591e-02 3.235190e-03 9.978587e-01 9.961135e+01
9.974062e-01 2.314993e-02 -6.815214e-02 -3.377503e+00 -2.351547e-02 9.997131e-01 -4.566169e-03 -2.148462e+00 6.802687e-02 6.156956e-03 9.976645e-01 1.002640e+02
9.973078e-01 2.530640e-02 -6.882366e-02 -3.434291e+00 -2.574753e-02 9.996533e-01 -5.530078e-03 -2.165619e+00 6.865984e-02 7.287231e-03 9.976135e-01 1.008842e+02
9.972639e-01 2.765419e-02 -6.855620e-02 -3.484065e+00 -2.809613e-02 9.995901e-01 -5.490270e-03 -2.181148e+00 6.837629e-02 7.401412e-03 9.976322e-01 1.014765e+02
9.973551e-01 3.159404e-02 -6.545646e-02 -3.532899e+00 -3.192312e-02 9.994823e-01 -3.987355e-03 -2.198751e+00 6.529660e-02 6.066383e-03 9.978474e-01 1.020556e+02
9.975988e-01 3.435372e-02 -6.013494e-02 -3.562446e+00 -3.457153e-02 9.993989e-01 -2.585074e-03 -2.214139e+00 6.000998e-02 4.657824e-03 9.981869e-01 1.026092e+02
9.979911e-01 3.540977e-02 -5.253374e-02 -3.595749e+00 -3.549918e-02 9.993694e-01 -7.694001e-04 -2.227445e+00 5.247336e-02 2.632759e-03 9.986188e-01 1.031393e+02
9.984438e-01 3.555056e-02 -4.296561e-02 -3.607875e+00 -3.552339e-02 9.993679e-01 1.395794e-03 -2.236028e+00 4.298807e-02 1.326632e-04 9.990756e-01 1.036461e+02
9.989006e-01 3.522432e-02 -3.093424e-02 -3.624982e+00 -3.516428e-02 9.993785e-01 2.482762e-03 -2.250601e+00 3.100247e-02 -1.392251e-03 9.995184e-01 1.041359e+02
9.992466e-01 3.452017e-02 -1.773400e-02 -3.622530e+00 -3.448182e-02 9.994023e-01 2.464212e-03 -2.262969e+00 1.780846e-02 -1.850854e-03 9.998398e-01 1.045913e+02
9.993955e-01 3.465530e-02 -2.718087e-03 -3.637762e+00 -3.465203e-02 9.993987e-01 1.232871e-03 -2.277642e+00 2.759178e-03 -1.137938e-03 9.999957e-01 1.050927e+02
9.993247e-01 3.336989e-02 1.537458e-02 -3.618729e+00 -3.334327e-02 9.994420e-01 -1.984146e-03 -2.290916e+00 -1.543222e-02 1.470168e-03 9.998799e-01 1.055199e+02
9.987881e-01 3.287964e-02 3.662167e-02 -3.595579e+00 -3.265178e-02 9.994437e-01 -6.802539e-03 -2.303478e+00 -3.682496e-02 5.598532e-03 9.993061e-01 1.059484e+02
9.977078e-01 3.073926e-02 6.028292e-02 -3.548815e+00 -3.007759e-02 9.994774e-01 -1.185306e-02 -2.315292e+00 -6.061577e-02 1.001273e-02 9.981109e-01 1.063476e+02
9.957533e-01 2.839538e-02 8.757324e-02 -3.492032e+00 -2.719564e-02 9.995197e-01 -1.486290e-02 -2.328050e+00 -8.795321e-02 1.241817e-02 9.960472e-01 1.067552e+02
9.927535e-01 2.576897e-02 1.173729e-01 -3.414992e+00 -2.400611e-02 9.995772e-01 -1.640849e-02 -2.340429e+00 -1.177461e-01 1.347192e-02 9.929524e-01 1.071556e+02
9.885147e-01 2.375588e-02 1.492459e-01 -3.327291e+00 -2.118275e-02 9.995988e-01 -1.880700e-02 -2.357548e+00 -1.496330e-01 1.542953e-02 9.886212e-01 1.075557e+02
9.824918e-01 2.128449e-02 1.850861e-01 -3.227404e+00 -1.776632e-02 9.996290e-01 -2.064618e-02 -2.376758e+00 -1.854570e-01 1.699639e-02 9.825053e-01 1.079539e+02
9.744587e-01 1.829026e-02 2.238208e-01 -3.103231e+00 -1.378610e-02 9.996701e-01 -2.167015e-02 -2.386872e+00 -2.241433e-01 1.803103e-02 9.743894e-01 1.083161e+02
9.644968e-01 1.629854e-02 2.635911e-01 -2.971866e+00 -1.065660e-02 9.996827e-01 -2.281984e-02 -2.400444e+00 -2.638794e-01 1.920067e-02 9.643645e-01 1.086743e+02
9.519837e-01 1.731651e-02 3.056586e-01 -2.835679e+00 -1.037531e-02 9.996504e-01 -2.431908e-02 -2.416176e+00 -3.059728e-01 1.998007e-02 9.518306e-01 1.090250e+02
9.362338e-01 1.962728e-02 3.508291e-01 -2.689034e+00 -1.143685e-02 9.996118e-01 -2.540295e-02 -2.428776e+00 -3.511916e-01 1.977072e-02 9.360948e-01 1.093635e+02
9.185240e-01 1.991003e-02 3.948637e-01 -2.512357e+00 -1.107968e-02 9.996351e-01 -2.463083e-02 -2.450582e+00 -3.952100e-01 1.824905e-02 9.184095e-01 1.097019e+02
8.980304e-01 1.941202e-02 4.395050e-01 -2.329774e+00 -9.847673e-03 9.996627e-01 -2.403149e-02 -2.461470e+00 -4.398233e-01 1.725291e-02 8.979186e-01 1.100050e+02
8.749064e-01 1.835234e-02 4.839441e-01 -2.132443e+00 -7.086998e-03 9.996598e-01 -2.509719e-02 -2.472714e+00 -4.842401e-01 1.852798e-02 8.747389e-01 1.102892e+02
8.495702e-01 1.892839e-02 5.271359e-01 -1.926850e+00 -5.140185e-03 9.996055e-01 -2.760954e-02 -2.488819e+00 -5.274506e-01 2.074666e-02 8.493322e-01 1.105622e+02
8.215628e-01 2.136262e-02 5.697178e-01 -1.704147e+00 -3.959902e-03 9.994875e-01 -3.176725e-02 -2.500780e+00 -5.701044e-01 2.384276e-02 8.212261e-01 1.108348e+02
7.904002e-01 2.596955e-02 6.120401e-01 -1.471680e+00 -4.743355e-03 9.993304e-01 -3.627705e-02 -2.522166e+00 -6.125725e-01 2.577026e-02 7.899941e-01 1.110936e+02
7.564731e-01 3.204848e-02 6.532391e-01 -1.220076e+00 -7.038259e-03 9.991397e-01 -4.086813e-02 -2.532833e+00 -6.539869e-01 2.631797e-02 7.560481e-01 1.113388e+02
7.191432e-01 3.678547e-02 6.938875e-01 -9.511835e-01 -8.797571e-03 9.989997e-01 -4.384278e-02 -2.547745e+00 -6.948062e-01 2.542471e-02 7.187476e-01 1.115738e+02
6.802859e-01 3.683047e-02 7.320210e-01 -6.558444e-01 -1.898444e-03 9.988218e-01 -4.848986e-02 -2.525683e+00 -7.329444e-01 3.159727e-02 6.795544e-01 1.117918e+02
6.390568e-01 3.458530e-02 7.683815e-01 -3.432093e-01 1.557012e-03 9.989282e-01 -4.625730e-02 -2.554959e+00 -7.691580e-01 3.075743e-02 6.383184e-01 1.119958e+02
5.946422e-01 3.261066e-02 8.033288e-01 -1.680017e-02 3.393676e-03 9.990663e-01 -4.306858e-02 -2.575729e+00 -8.039833e-01 2.833664e-02 5.939765e-01 1.121939e+02
5.483941e-01 3.106690e-02 8.356427e-01 3.256214e-01 6.662119e-03 9.991155e-01 -4.151643e-02 -2.577796e+00 -8.361935e-01 2.833452e-02 5.477023e-01 1.123763e+02
5.007752e-01 2.837741e-02 8.651122e-01 6.853358e-01 1.019456e-02 9.991998e-01 -3.867693e-02 -2.592250e+00 -8.655174e-01 2.818790e-02 5.000853e-01 1.125391e+02
4.497228e-01 2.456779e-02 8.928303e-01 1.050781e+00 1.347343e-02 9.993213e-01 -3.428471e-02 -2.614436e+00 -8.930665e-01 2.744811e-02 4.490867e-01 1.126821e+02
3.975841e-01 2.508847e-02 9.172226e-01 1.447994e+00 1.266087e-02 9.993810e-01 -3.282375e-02 -2.623128e+00 -9.174784e-01 2.466302e-02 3.970203e-01 1.128401e+02
3.463161e-01 2.991303e-02 9.376408e-01 1.808053e+00 1.046197e-02 9.993062e-01 -3.574441e-02 -2.641716e+00 -9.380596e-01 2.218843e-02 3.457628e-01 1.129484e+02
2.962159e-01 3.525306e-02 9.544702e-01 2.182710e+00 1.029998e-02 9.991426e-01 -4.009958e-02 -2.654633e+00 -9.550656e-01 2.170916e-02 2.955989e-01 1.130272e+02
2.494329e-01 3.738646e-02 9.676701e-01 2.578850e+00 1.274570e-02 9.990411e-01 -4.188392e-02 -2.672040e+00 -9.683082e-01 2.278086e-02 2.487173e-01 1.130962e+02
2.083312e-01 3.729829e-02 9.773469e-01 3.032829e+00 2.205881e-02 9.988393e-01 -4.282055e-02 -2.680901e+00 -9.778094e-01 3.047997e-02 2.072667e-01 1.131700e+02
1.729074e-01 3.766890e-02 9.842175e-01 3.502588e+00 3.140068e-02 9.985496e-01 -4.373390e-02 -2.689603e+00 -9.844374e-01 3.846702e-02 1.714739e-01 1.132342e+02
1.424044e-01 3.897317e-02 9.890410e-01 3.977607e+00 3.625544e-02 9.983486e-01 -4.456008e-02 -2.709660e+00 -9.891443e-01 4.220368e-02 1.407563e-01 1.132868e+02
1.143937e-01 3.742532e-02 9.927303e-01 4.464716e+00 3.402918e-02 9.985560e-01 -4.156619e-02 -2.738480e+00 -9.928524e-01 3.853673e-02 1.129550e-01 1.133356e+02
8.836328e-02 3.392091e-02 9.955106e-01 4.935331e+00 2.781588e-02 9.989461e-01 -3.650697e-02 -2.760654e+00 -9.956998e-01 3.091689e-02 8.732665e-02 1.133766e+02
6.415679e-02 2.995190e-02 9.974903e-01 5.494607e+00 2.278481e-02 9.992448e-01 -3.147007e-02 -2.793236e+00 -9.976796e-01 2.474665e-02 6.342590e-02 1.134345e+02
4.150515e-02 2.760401e-02 9.987568e-01 6.016532e+00 2.690161e-02 9.992250e-01 -2.873489e-02 -2.819103e+00 -9.987760e-01 2.806083e-02 4.073039e-02 1.134407e+02
2.149386e-02 2.831660e-02 9.993679e-01 6.586564e+00 3.461194e-02 9.989784e-01 -2.904999e-02 -2.849916e+00 -9.991697e-01 3.521446e-02 2.049181e-02 1.134414e+02
4.062042e-03 3.083305e-02 9.995163e-01 7.138882e+00 3.955789e-02 9.987371e-01 -3.096979e-02 -2.875126e+00 -9.992090e-01 3.966455e-02 2.837220e-03 1.134282e+02
-1.002511e-02 3.641774e-02 9.992863e-01 7.716251e+00 4.018810e-02 9.985440e-01 -3.598751e-02 -2.893100e+00 -9.991418e-01 3.979865e-02 -1.147407e-02 1.134162e+02
-2.109667e-02 4.116313e-02 9.989296e-01 8.320974e+00 3.764158e-02 9.984764e-01 -4.034949e-02 -2.914093e+00 -9.990686e-01 3.675005e-02 -2.261397e-02 1.134099e+02
-2.732000e-02 4.111636e-02 9.987809e-01 8.969329e+00 4.057293e-02 9.983760e-01 -3.998990e-02 -2.936635e+00 -9.988031e-01 3.943094e-02 -2.894385e-02 1.133966e+02
-2.980172e-02 3.807869e-02 9.988303e-01 9.611101e+00 4.675273e-02 9.982335e-01 -3.666101e-02 -2.966266e+00 -9.984619e-01 4.560548e-02 -3.152936e-02 1.133674e+02
-2.923310e-02 3.650949e-02 9.989056e-01 1.028139e+01 4.804585e-02 9.982289e-01 -3.507869e-02 -2.995207e+00 -9.984171e-01 4.696781e-02 -3.093547e-02 1.133505e+02
-2.741038e-02 3.626496e-02 9.989662e-01 1.095086e+01 4.657298e-02 9.983029e-01 -3.496298e-02 -3.025848e+00 -9.985387e-01 4.556647e-02 -2.905283e-02 1.133374e+02
-2.598478e-02 3.665551e-02 9.989900e-01 1.167037e+01 4.270358e-02 9.984561e-01 -3.552513e-02 -3.061039e+00 -9.987498e-01 4.173734e-02 -2.750998e-02 1.133348e+02
-2.493268e-02 3.811430e-02 9.989623e-01 1.238418e+01 4.192638e-02 9.984336e-01 -3.704770e-02 -3.088655e+00 -9.988095e-01 4.095918e-02 -2.649161e-02 1.133265e+02
-2.374166e-02 3.906550e-02 9.989547e-01 1.309646e+01 4.160570e-02 9.984091e-01 -3.805535e-02 -3.119697e+00 -9.988520e-01 4.065870e-02 -2.532925e-02 1.133123e+02
-2.305327e-02 3.891398e-02 9.989767e-01 1.384129e+01 4.094720e-02 9.984404e-01 -3.794816e-02 -3.147481e+00 -9.988954e-01 4.003045e-02 -2.461075e-02 1.133024e+02
-2.218930e-02 3.734174e-02 9.990563e-01 1.460229e+01 4.006030e-02 9.985329e-01 -3.643243e-02 -3.192665e+00 -9.989509e-01 3.921409e-02 -2.365267e-02 1.132899e+02
-2.184168e-02 3.618623e-02 9.991064e-01 1.537102e+01 4.080023e-02 9.985445e-01 -3.527394e-02 -3.228006e+00 -9.989285e-01 3.999334e-02 -2.328629e-02 1.132780e+02
-2.269308e-02 3.406033e-02 9.991622e-01 1.616846e+01 4.091762e-02 9.986138e-01 -3.311230e-02 -3.264250e+00 -9.989049e-01 4.013190e-02 -2.405529e-02 1.132762e+02
-2.376273e-02 3.237771e-02 9.991932e-01 1.696906e+01 3.862553e-02 9.987589e-01 -3.144504e-02 -3.301518e+00 -9.989712e-01 3.784714e-02 -2.498385e-02 1.132634e+02
-2.480837e-02 3.147661e-02 9.991966e-01 1.778602e+01 3.789870e-02 9.988154e-01 -3.052362e-02 -3.333760e+00 -9.989736e-01 3.711101e-02 -2.597190e-02 1.132502e+02
-2.581198e-02 2.901124e-02 9.992458e-01 1.860141e+01 4.053300e-02 9.987872e-01 -2.795088e-02 -3.367004e+00 -9.988447e-01 3.978096e-02 -2.695660e-02 1.132284e+02
-2.669461e-02 2.757590e-02 9.992633e-01 1.941542e+01 4.220282e-02 9.987593e-01 -2.643457e-02 -3.397011e+00 -9.987525e-01 4.146606e-02 -2.782527e-02 1.132034e+02
-2.860002e-02 2.667832e-02 9.992348e-01 2.027681e+01 3.939601e-02 9.988972e-01 -2.554171e-02 -3.436036e+00 -9.988143e-01 3.863537e-02 -2.961950e-02 1.131969e+02
-2.929476e-02 3.134140e-02 9.990794e-01 2.107333e+01 3.662235e-02 9.988710e-01 -3.026104e-02 -3.471312e+00 -9.988996e-01 3.570217e-02 -3.040948e-02 1.131706e+02
-2.986727e-02 3.597920e-02 9.989061e-01 2.191005e+01 3.792412e-02 9.986732e-01 -3.483688e-02 -3.508276e+00 -9.988341e-01 3.684215e-02 -3.119213e-02 1.131448e+02
-3.095059e-02 3.755906e-02 9.988151e-01 2.273974e+01 3.820909e-02 9.986078e-01 -3.636728e-02 -3.548655e+00 -9.987902e-01 3.703822e-02 -3.234258e-02 1.131218e+02
-3.259420e-02 3.539395e-02 9.988418e-01 2.359957e+01 3.479086e-02 9.988073e-01 -3.425743e-02 -3.590515e+00 -9.988629e-01 3.363397e-02 -3.378670e-02 1.131086e+02
-3.353818e-02 3.108787e-02 9.989539e-01 2.442405e+01 3.179841e-02 9.990433e-01 -3.002307e-02 -3.632750e+00 -9.989315e-01 3.075823e-02 -3.449462e-02 1.130872e+02
-3.392865e-02 2.589313e-02 9.990888e-01 2.527184e+01 3.018978e-02 9.992347e-01 -2.487168e-02 -3.671195e+00 -9.989683e-01 2.931841e-02 -3.468439e-02 1.130665e+02
-3.432916e-02 2.034859e-02 9.992034e-01 2.612824e+01 2.681302e-02 9.994515e-01 -1.943242e-02 -3.703511e+00 -9.990507e-01 2.612458e-02 -3.485594e-02 1.130506e+02
-3.437814e-02 1.902394e-02 9.992278e-01 2.698074e+01 2.432649e-02 9.995385e-01 -1.819290e-02 -3.741209e+00 -9.991127e-01 2.368227e-02 -3.482506e-02 1.130321e+02
-3.350239e-02 2.580914e-02 9.991054e-01 2.780781e+01 2.701136e-02 9.993246e-01 -2.490905e-02 -3.782024e+00 -9.990736e-01 2.615268e-02 -3.417692e-02 1.130147e+02
-3.251490e-02 3.709014e-02 9.987828e-01 2.863647e+01 2.929207e-02 9.989172e-01 -3.614154e-02 -3.817413e+00 -9.990420e-01 2.808128e-02 -3.356615e-02 1.129913e+02
-3.172570e-02 4.245485e-02 9.985946e-01 2.946821e+01 3.158245e-02 9.986411e-01 -4.145344e-02 -3.852206e+00 -9.989976e-01 3.022294e-02 -3.302342e-02 1.129671e+02
-3.044039e-02 3.692034e-02 9.988545e-01 3.030599e+01 3.301644e-02 9.988094e-01 -3.591248e-02 -3.897401e+00 -9.989911e-01 3.188543e-02 -3.162314e-02 1.129433e+02
-2.923756e-02 2.911160e-02 9.991486e-01 3.114386e+01 3.603854e-02 9.989567e-01 -2.805143e-02 -3.943276e+00 -9.989227e-01 3.518770e-02 -3.025620e-02 1.129173e+02
-2.912574e-02 2.615020e-02 9.992337e-01 3.197598e+01 3.673486e-02 9.990104e-01 -2.507360e-02 -3.985119e+00 -9.989006e-01 3.597642e-02 -3.005754e-02 1.129001e+02
-2.917094e-02 2.682546e-02 9.992144e-01 3.279722e+01 3.563842e-02 9.990321e-01 -2.578012e-02 -4.023310e+00 -9.989390e-01 3.485841e-02 -3.009872e-02 1.128832e+02
-3.036498e-02 2.766367e-02 9.991560e-01 3.361128e+01 3.253225e-02 9.991146e-01 -2.667384e-02 -4.062554e+00 -9.990094e-01 3.169484e-02 -3.123805e-02 1.128698e+02
-3.212992e-02 2.745910e-02 9.991065e-01 3.438782e+01 2.998023e-02 9.991991e-01 -2.649753e-02 -4.106231e+00 -9.990340e-01 2.910207e-02 -3.292741e-02 1.128456e+02
-3.441121e-02 2.730790e-02 9.990346e-01 3.518729e+01 2.918604e-02 9.992277e-01 -2.630789e-02 -4.147258e+00 -9.989814e-01 2.825258e-02 -3.518165e-02 1.128233e+02
-3.647156e-02 2.718445e-02 9.989648e-01 3.599074e+01 2.731179e-02 9.992837e-01 -2.619600e-02 -4.196091e+00 -9.989613e-01 2.632811e-02 -3.718789e-02 1.127977e+02
-3.875286e-02 2.733076e-02 9.988750e-01 3.678848e+01 2.519221e-02 9.993349e-01 -2.636599e-02 -4.237057e+00 -9.989312e-01 2.414211e-02 -3.941560e-02 1.127755e+02
-4.053731e-02 2.620482e-02 9.988343e-01 3.758046e+01 2.291956e-02 9.994174e-01 -2.528995e-02 -4.276416e+00 -9.989150e-01 2.186767e-02 -4.111429e-02 1.127445e+02
-4.271178e-02 2.500729e-02 9.987744e-01 3.837004e+01 2.351536e-02 9.994349e-01 -2.401823e-02 -4.314946e+00 -9.988106e-01 2.246069e-02 -4.327570e-02 1.127152e+02
-4.457440e-02 2.495962e-02 9.986941e-01 3.914803e+01 2.278462e-02 9.994531e-01 -2.396165e-02 -4.354124e+00 -9.987462e-01 2.168678e-02 -4.511874e-02 1.126838e+02
-4.655270e-02 2.590114e-02 9.985800e-01 3.992623e+01 2.254351e-02 9.994364e-01 -2.487240e-02 -4.389304e+00 -9.986614e-01 2.135362e-02 -4.711038e-02 1.126517e+02
-4.736084e-02 2.612076e-02 9.985363e-01 4.069667e+01 2.292273e-02 9.994231e-01 -2.505672e-02 -4.422949e+00 -9.986148e-01 2.170247e-02 -4.793231e-02 1.126176e+02
-4.856274e-02 2.492634e-02 9.985092e-01 4.147235e+01 2.496844e-02 9.994063e-01 -2.373439e-02 -4.458355e+00 -9.985079e-01 2.377860e-02 -4.915630e-02 1.125821e+02
-5.017710e-02 2.430775e-02 9.984446e-01 4.224037e+01 2.497390e-02 9.994216e-01 -2.307647e-02 -4.492536e+00 -9.984280e-01 2.377714e-02 -5.075513e-02 1.125474e+02
-5.148905e-02 2.365577e-02 9.983933e-01 4.299357e+01 2.317076e-02 9.994786e-01 -2.248653e-02 -4.529709e+00 -9.984047e-01 2.197572e-02 -5.201032e-02 1.125154e+02
-5.293181e-02 2.272646e-02 9.983394e-01 4.374236e+01 2.139439e-02 9.995373e-01 -2.161940e-02 -4.561751e+00 -9.983689e-01 2.021451e-02 -5.339353e-02 1.124835e+02
-5.352605e-02 2.156797e-02 9.983335e-01 4.447523e+01 2.049626e-02 9.995798e-01 -2.049598e-02 -4.590746e+00 -9.983562e-01 1.936504e-02 -5.394562e-02 1.124473e+02
-5.423857e-02 2.144585e-02 9.982977e-01 4.518893e+01 2.077665e-02 9.995771e-01 -2.034451e-02 -4.620139e+00 -9.983119e-01 1.963783e-02 -5.466120e-02 1.124118e+02
-5.435209e-02 2.389079e-02 9.982360e-01 4.587550e+01 2.060991e-02 9.995276e-01 -2.279953e-02 -4.653340e+00 -9.983091e-01 1.933435e-02 -5.481882e-02 1.123770e+02
-5.457702e-02 2.662659e-02 9.981545e-01 4.656389e+01 1.991932e-02 9.994745e-01 -2.557266e-02 -4.686416e+00 -9.983108e-01 1.848688e-02 -5.507873e-02 1.123417e+02
-5.469902e-02 2.839857e-02 9.980989e-01 4.725737e+01 1.841631e-02 9.994540e-01 -2.742786e-02 -4.715104e+00 -9.983330e-01 1.688102e-02 -5.519214e-02 1.123120e+02
-5.494194e-02 2.926922e-02 9.980604e-01 4.794361e+01 1.835336e-02 9.994309e-01 -2.829909e-02 -4.748859e+00 -9.983208e-01 1.676295e-02 -5.544785e-02 1.122774e+02
-5.524500e-02 2.894013e-02 9.980532e-01 4.865369e+01 1.908907e-02 9.994278e-01 -2.792334e-02 -4.785114e+00 -9.982904e-01 1.750928e-02 -5.576583e-02 1.122510e+02
-5.589852e-02 2.866568e-02 9.980247e-01 4.934843e+01 1.980870e-02 9.994228e-01 -2.759636e-02 -4.815362e+00 -9.982399e-01 1.822697e-02 -5.643409e-02 1.122207e+02
-5.634429e-02 2.858914e-02 9.980019e-01 5.003943e+01 1.565301e-02 9.994923e-01 -2.774811e-02 -4.849196e+00 -9.982888e-01 1.405829e-02 -5.676317e-02 1.121958e+02
-5.624799e-02 2.864152e-02 9.980059e-01 5.071402e+01 1.283476e-02 9.995266e-01 -2.796179e-02 -4.885531e+00 -9.983343e-01 1.123637e-02 -5.658897e-02 1.121686e+02
-5.614859e-02 2.727920e-02 9.980496e-01 5.139087e+01 1.476891e-02 9.995400e-01 -2.648907e-02 -4.918993e+00 -9.983133e-01 1.325278e-02 -5.652562e-02 1.121324e+02
-5.728548e-02 2.673165e-02 9.979999e-01 5.207612e+01 1.515949e-02 9.995496e-01 -2.590299e-02 -4.948956e+00 -9.982427e-01 1.364530e-02 -5.766491e-02 1.121020e+02
-6.086859e-02 2.620350e-02 9.978018e-01 5.274939e+01 1.209193e-02 9.996014e-01 -2.551312e-02 -4.980561e+00 -9.980725e-01 1.051240e-02 -6.116119e-02 1.120711e+02
-6.617139e-02 2.571492e-02 9.974768e-01 5.341763e+01 8.354569e-03 9.996471e-01 -2.521664e-02 -5.012739e+00 -9.977733e-01 6.664871e-03 -6.636286e-02 1.120377e+02
-7.182361e-02 2.971018e-02 9.969748e-01 5.407635e+01 1.220035e-02 9.995077e-01 -2.890673e-02 -5.041691e+00 -9.973426e-01 1.008726e-02 -7.215070e-02 1.119859e+02
-7.778358e-02 3.277356e-02 9.964314e-01 5.473278e+01 1.486644e-02 9.993864e-01 -3.171026e-02 -5.067970e+00 -9.968594e-01 1.234686e-02 -7.822309e-02 1.119231e+02
-8.525166e-02 3.442713e-02 9.957645e-01 5.540575e+01 1.399832e-02 9.993456e-01 -3.335249e-02 -5.100172e+00 -9.962612e-01 1.109567e-02 -8.567775e-02 1.118721e+02
-9.173226e-02 3.369563e-02 9.952135e-01 5.607932e+01 1.042590e-02 9.994051e-01 -3.287656e-02 -5.132376e+00 -9.957292e-01 7.360152e-03 -9.202901e-02 1.118188e+02
-9.687672e-02 3.228947e-02 9.947724e-01 5.674841e+01 9.786558e-03 9.994562e-01 -3.148842e-02 -5.167700e+00 -9.952483e-01 6.684901e-03 -9.714016e-02 1.117546e+02
-1.016374e-01 3.308793e-02 9.942711e-01 5.743866e+01 7.593381e-03 9.994434e-01 -3.248383e-02 -5.197363e+00 -9.947925e-01 4.248307e-03 -1.018321e-01 1.116920e+02
-1.055676e-01 3.248633e-02 9.938814e-01 5.814298e+01 5.802700e-03 9.994692e-01 -3.205263e-02 -5.229435e+00 -9.943952e-01 2.383474e-03 -1.057001e-01 1.116259e+02
-1.084390e-01 2.959021e-02 9.936627e-01 5.886249e+01 6.547342e-03 9.995564e-01 -2.905120e-02 -5.257516e+00 -9.940816e-01 3.355566e-03 -1.085846e-01 1.115577e+02
-1.097865e-01 2.662220e-02 9.935986e-01 5.958184e+01 8.662462e-03 9.996288e-01 -2.582663e-02 -5.289228e+00 -9.939175e-01 5.771593e-03 -1.099764e-01 1.114783e+02
-1.115781e-01 2.399176e-02 9.934660e-01 6.030862e+01 8.414592e-03 9.996954e-01 -2.319713e-02 -5.320040e+00 -9.937200e-01 5.771317e-03 -1.117461e-01 1.114068e+02
-1.131099e-01 2.367542e-02 9.933005e-01 6.103243e+01 7.756564e-03 9.997066e-01 -2.294485e-02 -5.350205e+00 -9.935521e-01 5.109308e-03 -1.132605e-01 1.113401e+02
-1.137980e-01 2.757509e-02 9.931213e-01 6.175944e+01 9.764388e-03 9.995975e-01 -2.663606e-02 -5.378524e+00 -9.934560e-01 6.666093e-03 -1.140213e-01 1.112649e+02
-1.136887e-01 3.173831e-02 9.930093e-01 6.248444e+01 1.565372e-02 9.994227e-01 -3.015112e-02 -5.407151e+00 -9.933931e-01 1.211645e-02 -1.141197e-01 1.111716e+02
-1.143923e-01 3.667257e-02 9.927585e-01 6.322359e+01 2.271385e-02 9.991537e-01 -3.429157e-02 -5.443168e+00 -9.931759e-01 1.862667e-02 -1.151284e-01 1.110838e+02
-1.151018e-01 3.780515e-02 9.926341e-01 6.398404e+01 2.294610e-02 9.991102e-01 -3.539105e-02 -5.478668e+00 -9.930887e-01 1.870351e-02 -1.158668e-01 1.109989e+02
-1.158474e-01 3.548318e-02 9.926330e-01 6.473670e+01 2.014906e-02 9.992401e-01 -3.336781e-02 -5.516229e+00 -9.930627e-01 1.613506e-02 -1.164743e-01 1.109232e+02
-1.156250e-01 3.060293e-02 9.928215e-01 6.548352e+01 2.046416e-02 9.993864e-01 -2.842204e-02 -5.552634e+00 -9.930821e-01 1.703096e-02 -1.161803e-01 1.108422e+02
-1.159061e-01 2.854000e-02 9.928501e-01 6.622694e+01 2.207042e-02 9.994143e-01 -2.615219e-02 -5.589954e+00 -9.930150e-01 1.888142e-02 -1.164681e-01 1.107576e+02
-1.168718e-01 2.819778e-02 9.927467e-01 6.696420e+01 2.207872e-02 9.994236e-01 -2.578817e-02 -5.624316e+00 -9.929014e-01 1.890466e-02 -1.174272e-01 1.106760e+02
-1.186606e-01 2.914162e-02 9.925073e-01 6.770570e+01 2.071309e-02 9.994244e-01 -2.686836e-02 -5.659009e+00 -9.927188e-01 1.736969e-02 -1.191959e-01 1.105965e+02
-1.207625e-01 2.982196e-02 9.922334e-01 6.844518e+01 1.994956e-02 9.994197e-01 -2.760993e-02 -5.692925e+00 -9.924809e-01 1.646037e-02 -1.212874e-01 1.105127e+02
-1.228415e-01 2.998515e-02 9.919733e-01 6.918244e+01 2.094539e-02 9.993992e-01 -2.761584e-02 -5.727650e+00 -9.922053e-01 1.738490e-02 -1.233957e-01 1.104245e+02
-1.245965e-01 3.006344e-02 9.917519e-01 6.992125e+01 2.097501e-02 9.993973e-01 -2.766004e-02 -5.762379e+00 -9.919857e-01 1.735566e-02 -1.251520e-01 1.103344e+02
-1.266421e-01 2.963367e-02 9.915057e-01 7.066855e+01 2.055573e-02 9.994175e-01 -2.724461e-02 -5.797465e+00 -9.917356e-01 1.693081e-02 -1.271774e-01 1.102451e+02
-1.283120e-01 2.999095e-02 9.912804e-01 7.141695e+01 1.847260e-02 9.994414e-01 -2.784677e-02 -5.829115e+00 -9.915618e-01 1.473846e-02 -1.287941e-01 1.101566e+02
-1.293681e-01 3.158668e-02 9.910934e-01 7.216809e+01 1.848407e-02 9.993956e-01 -2.943854e-02 -5.863012e+00 -9.914242e-01 1.451103e-02 -1.298738e-01 1.100627e+02
-1.302784e-01 3.189745e-02 9.909642e-01 7.292653e+01 1.700846e-02 9.994072e-01 -2.993317e-02 -5.898277e+00 -9.913315e-01 1.295512e-02 -1.307438e-01 1.099697e+02
-1.317568e-01 3.259731e-02 9.907458e-01 7.372541e+01 1.749919e-02 9.993800e-01 -3.055421e-02 -5.922447e+00 -9.911276e-01 1.331153e-02 -1.322455e-01 1.098821e+02
-1.328126e-01 3.081585e-02 9.906619e-01 7.449506e+01 1.745095e-02 9.994343e-01 -2.874917e-02 -5.960103e+00 -9.909875e-01 1.346974e-02 -1.332752e-01 1.097830e+02
-1.340058e-01 2.864699e-02 9.905663e-01 7.530423e+01 1.579830e-02 9.995167e-01 -2.676861e-02 -5.991379e+00 -9.908546e-01 1.206212e-02 -1.343936e-01 1.096936e+02
-1.360057e-01 2.650064e-02 9.903535e-01 7.608352e+01 1.248580e-02 9.996085e-01 -2.503362e-02 -6.025436e+00 -9.906294e-01 8.960646e-03 -1.362833e-01 1.095987e+02
-1.380494e-01 2.567883e-02 9.900925e-01 7.684763e+01 1.352323e-02 9.996195e-01 -2.404037e-02 -6.065674e+00 -9.903329e-01 1.007049e-02 -1.383441e-01 1.094921e+02
