1.000000e+00 -8.114079e-10 -9.685321e-10 -2.458973e-12 8.114079e-10 1.000000e+00 7.454699e-10 2.531338e-12 9.685321e-10 -7.454699e-10 1.000000e+00 -8.229834e-13
9.999949e-01 -2.278308e-03 -2.214346e-03 -1.781153e-02 2.273058e-03 9.999946e-01 -2.370456e-03 -2.379595e-02 2.219735e-03 2.365411e-03 9.999948e-01 1.123629e+00
9.999698e-01 -4.759870e-03 -6.145008e-03 -2.186691e-02 4.725541e-03 9.999732e-01 -5.588974e-03 -4.697023e-02 6.171446e-03 5.559767e-03 9.999655e-01 2.258541e+00
9.999203e-01 -8.485325e-03 -9.350001e-03 -2.417332e-02 8.408083e-03 9.999304e-01 -8.269742e-03 -7.309280e-02 9.419522e-03 8.190467e-03 9.999221e-01 3.403767e+00
9.998839e-01 -9.007245e-03 -1.229087e-02 -2.820479e-02 8.908770e-03 9.999280e-01 -8.043487e-03 -1.002578e-01 1.236243e-02 7.933056e-03 9.998921e-01 4.598774e+00
9.998689e-01 -6.599696e-03 -1.478644e-02 -4.937662e-02 6.384040e-03 9.998733e-01 -1.458479e-02 -1.328873e-01 1.488082e-02 1.448849e-02 9.997843e-01 5.793530e+00
9.998541e-01 -3.286350e-03 -1.675889e-02 -1.008902e-01 2.977080e-03 9.998254e-01 -1.844577e-02 -1.550619e-01 1.681659e-02 1.839319e-02 9.996894e-01 7.029264e+00
9.998327e-01 1.093870e-04 -1.829210e-02 -1.520294e-01 -1.320691e-04 9.999992e-01 -1.238792e-03 -1.793107e-01 1.829195e-02 1.241001e-03 9.998319e-01 8.343564e+00
9.997924e-01 3.419257e-03 -2.008926e-02 -2.071651e-01 -3.330591e-03 9.999846e-01 4.445444e-03 -2.073301e-01 2.010415e-02 -4.377612e-03 9.997883e-01 9.690745e+00
9.997760e-01 5.241749e-03 -2.050595e-02 -2.676271e-01 -5.418188e-03 9.999487e-01 -8.558215e-03 -2.180267e-01 2.046004e-02 8.667403e-03 9.997531e-01 1.108968e+01
9.997739e-01 2.252818e-03 -2.114680e-02 -3.286145e-01 -2.188295e-03 9.999929e-01 3.073844e-03 -2.409462e-01 2.115358e-02 -3.026873e-03 9.997716e-01 1.259829e+01
9.997802e-01 8.321500e-04 -2.095034e-02 -3.868687e-01 -5.524568e-04 9.999107e-01 1.335254e-02 -2.555817e-01 2.095958e-02 -1.333804e-02 9.996914e-01 1.418195e+01
9.998084e-01 -1.302271e-03 -1.953125e-02 -4.295471e-01 1.496186e-03 9.999497e-01 9.917091e-03 -2.577368e-01 1.951735e-02 -9.944413e-03 9.997601e-01 1.581493e+01
9.998381e-01 -1.715293e-03 -1.791368e-02 -4.693563e-01 1.735708e-03 9.999978e-01 1.124124e-03 -2.662667e-01 1.791171e-02 -1.155035e-03 9.998389e-01 1.751785e+01
9.998641e-01 -3.348547e-03 -1.614215e-02 -5.085539e-01 3.177811e-03 9.999389e-01 -1.059110e-02 -2.858679e-01 1.617663e-02 1.053836e-02 9.998136e-01 1.928613e+01
9.998571e-01 -1.980821e-03 -1.679004e-02 -5.473705e-01 1.804413e-03 9.999431e-01 -1.051535e-02 -3.226322e-01 1.680992e-02 1.048355e-02 9.998037e-01 2.112027e+01
9.998533e-01 2.537076e-03 -1.693951e-02 -6.000361e-01 -2.770634e-03 9.999012e-01 -1.377859e-02 -3.693873e-01 1.690288e-02 1.382350e-02 9.997616e-01 2.302135e+01
9.998235e-01 7.916567e-03 -1.703899e-02 -6.612470e-01 -8.163628e-03 9.998618e-01 -1.447933e-02 -4.182957e-01 1.692201e-02 1.461587e-02 9.997500e-01 2.497087e+01
9.998051e-01 8.801705e-03 -1.766946e-02 -7.163148e-01 -9.058741e-03 9.998536e-01 -1.451994e-02 -4.724665e-01 1.753907e-02 1.467718e-02 9.997384e-01 2.696152e+01
9.997851e-01 9.720618e-03 -1.831272e-02 -7.401653e-01 -9.966600e-03 9.998607e-01 -1.338927e-02 -5.004618e-01 1.818002e-02 1.356891e-02 9.997427e-01 2.796624e+01
9.997733e-01 1.028342e-02 -1.864328e-02 -7.671657e-01 -1.049803e-02 9.998793e-01 -1.145047e-02 -5.261094e-01 1.852328e-02 1.164360e-02 9.997606e-01 2.897806e+01
9.997567e-01 1.088607e-02 -1.918657e-02 -7.925811e-01 -1.108482e-02 9.998857e-01 -1.028304e-02 -5.530941e-01 1.907244e-02 1.049322e-02 9.997631e-01 2.999539e+01
9.997516e-01 1.074276e-02 -1.952935e-02 -8.198415e-01 -1.096388e-02 9.998766e-01 -1.125054e-02 -5.817356e-01 1.940608e-02 1.146187e-02 9.997460e-01 3.102041e+01
9.997314e-01 1.183533e-02 -1.992875e-02 -8.431043e-01 -1.208019e-02 9.998524e-01 -1.221178e-02 -6.080554e-01 1.978128e-02 1.244924e-02 9.997268e-01 3.205885e+01
9.997199e-01 1.153121e-02 -2.066637e-02 -8.621745e-01 -1.176670e-02 9.998668e-01 -1.130951e-02 -6.336093e-01 2.053321e-02 1.154952e-02 9.997224e-01 3.310377e+01
9.997123e-01 1.103368e-02 -2.129779e-02 -8.880841e-01 -1.122224e-02 9.998987e-01 -8.754478e-03 -6.567067e-01 2.119904e-02 8.990968e-03 9.997349e-01 3.415247e+01
9.997004e-01 1.153512e-02 -2.159026e-02 -9.252769e-01 -1.164909e-02 9.999188e-01 -5.160409e-03 -6.801285e-01 2.152898e-02 5.410369e-03 9.997536e-01 3.521411e+01
9.996971e-01 1.180219e-02 -2.159468e-02 -9.621379e-01 -1.186584e-02 9.999256e-01 -2.821801e-03 -7.039769e-01 2.155977e-02 3.077185e-03 9.997628e-01 3.627749e+01
9.996936e-01 1.181089e-02 -2.175090e-02 -9.938912e-01 -1.186706e-02 9.999266e-01 -2.455034e-03 -7.253415e-01 2.172031e-02 2.712401e-03 9.997604e-01 3.735698e+01
9.996949e-01 1.140930e-02 -2.190620e-02 -1.026838e+00 -1.150145e-02 9.999255e-01 -4.085331e-03 -7.440944e-01 2.185796e-02 4.336038e-03 9.997517e-01 3.844277e+01
9.996819e-01 1.198565e-02 -2.219135e-02 -1.054771e+00 -1.209016e-02 9.999164e-01 -4.581149e-03 -7.625173e-01 2.213459e-02 4.847989e-03 9.997432e-01 3.953436e+01
9.996775e-01 1.184319e-02 -2.246392e-02 -1.089648e+00 -1.192525e-02 9.999227e-01 -3.522511e-03 -7.808590e-01 2.242047e-02 3.789263e-03 9.997414e-01 4.062621e+01
9.996665e-01 1.212966e-02 -2.279775e-02 -1.131310e+00 -1.216715e-02 9.999248e-01 -1.506743e-03 -8.020683e-01 2.277777e-02 1.783624e-03 9.997390e-01 4.172376e+01
9.996589e-01 1.192016e-02 -2.323651e-02 -1.172937e+00 -1.189795e-02 9.999286e-01 1.094081e-03 -8.217187e-01 2.324790e-02 -8.172405e-04 9.997294e-01 4.281723e+01
9.996468e-01 1.329660e-02 -2.300981e-02 -1.219790e+00 -1.328473e-02 9.999115e-01 6.684882e-04 -8.412198e-01 2.301667e-02 -3.625729e-04 9.997350e-01 4.391307e+01
9.996202e-01 1.444973e-02 -2.346398e-02 -1.258981e+00 -1.452922e-02 9.998892e-01 -3.220668e-03 -8.617191e-01 2.341484e-02 3.560358e-03 9.997195e-01 4.500411e+01
9.996056e-01 1.572970e-02 -2.326430e-02 -1.300862e+00 -1.590619e-02 9.998459e-01 -7.420818e-03 -8.809369e-01 2.314399e-02 7.787938e-03 9.997018e-01 4.609404e+01
9.995961e-01 1.639258e-02 -2.321178e-02 -1.341792e+00 -1.657496e-02 9.998331e-01 -7.686903e-03 -9.040437e-01 2.308190e-02 8.068533e-03 9.997010e-01 4.718681e+01
9.995795e-01 1.700189e-02 -2.349013e-02 -1.375386e+00 -1.712219e-02 9.998412e-01 -4.929542e-03 -9.282694e-01 2.340259e-02 5.329671e-03 9.997119e-01 4.828367e+01
9.995752e-01 1.774243e-02 -2.312213e-02 -1.403950e+00 -1.780986e-02 9.998377e-01 -2.713778e-03 -9.502511e-01 2.307023e-02 3.124427e-03 9.997290e-01 4.935637e+01
9.996029e-01 1.630849e-02 -2.297961e-02 -1.431954e+00 -1.634927e-02 9.998651e-01 -1.587979e-03 -9.714800e-01 2.295061e-02 1.963048e-03 9.997347e-01 5.045107e+01
9.996180e-01 1.628309e-02 -2.232971e-02 -1.468704e+00 -1.634700e-02 9.998628e-01 -2.682416e-03 -9.939894e-01 2.228297e-02 3.046416e-03 9.997471e-01 5.155106e+01
9.996441e-01 1.566243e-02 -2.159523e-02 -1.511699e+00 -1.576612e-02 9.998649e-01 -4.639314e-03 -1.015943e+00 2.151965e-02 4.978136e-03 9.997560e-01 5.265065e+01
9.996434e-01 1.599089e-02 -2.138775e-02 -1.547600e+00 -1.614066e-02 9.998463e-01 -6.848333e-03 -1.042340e+00 2.127495e-02 7.191103e-03 9.997478e-01 5.375382e+01
9.996651e-01 1.508727e-02 -2.102368e-02 -1.587154e+00 -1.528626e-02 9.998396e-01 -9.336784e-03 -1.071209e+00 2.087944e-02 9.655031e-03 9.997354e-01 5.485618e+01
9.996862e-01 1.369178e-02 -2.097913e-02 -1.617855e+00 -1.395800e-02 9.998232e-01 -1.259614e-02 -1.104275e+00 2.080296e-02 1.288501e-02 9.997005e-01 5.594901e+01
9.997090e-01 1.228973e-02 -2.076039e-02 -1.645947e+00 -1.258824e-02 9.998183e-01 -1.431026e-02 -1.137617e+00 2.058075e-02 1.456743e-02 9.996821e-01 5.705031e+01
9.997298e-01 1.087651e-02 -2.054149e-02 -1.673993e+00 -1.112338e-02 9.998668e-01 -1.194203e-02 -1.172548e+00 2.040886e-02 1.216729e-02 9.997177e-01 5.814817e+01
9.997444e-01 9.503992e-03 -2.051399e-02 -1.699889e+00 -9.630693e-03 9.999351e-01 -6.086430e-03 -1.200537e+00 2.045481e-02 6.282438e-03 9.997710e-01 5.924899e+01
9.997594e-01 8.300499e-03 -2.030466e-02 -1.727183e+00 -8.302796e-03 9.999655e-01 -2.881412e-05 -1.223824e+00 2.030372e-02 1.973928e-04 9.997938e-01 6.036174e+01
9.997702e-01 6.681197e-03 -2.037076e-02 -1.755236e+00 -6.669301e-03 9.999775e-01 6.518612e-04 -1.243742e+00 2.037466e-02 -5.158527e-04 9.997923e-01 6.147086e+01
9.997859e-01 3.502698e-03 -2.039276e-02 -1.788554e+00 -3.552115e-03 9.999908e-01 -2.387505e-03 -1.262419e+00 2.038421e-02 2.459431e-03 9.997892e-01 6.259199e+01
9.997855e-01 2.245371e-03 -2.058780e-02 -1.832703e+00 -2.359560e-03 9.999820e-01 -5.523829e-03 -1.282456e+00 2.057502e-02 5.571223e-03 9.997728e-01 6.371506e+01
9.997673e-01 4.515565e-03 -2.109415e-02 -1.853986e+00 -4.713403e-03 9.999453e-01 -9.338551e-03 -1.318124e+00 2.105082e-02 9.435803e-03 9.997339e-01 6.479145e+01
9.997674e-01 4.626079e-03 -2.106411e-02 -1.869503e+00 -4.915350e-03 9.998940e-01 -1.370192e-02 -1.348909e+00 2.099849e-02 1.380227e-02 9.996842e-01 6.585973e+01
9.997562e-01 7.442416e-03 -2.078810e-02 -1.879483e+00 -7.743036e-03 9.998661e-01 -1.441833e-02 -1.381027e+00 2.067800e-02 1.457578e-02 9.996799e-01 6.693161e+01
9.997468e-01 1.118660e-02 -1.952271e-02 -1.924822e+00 -1.140237e-02 9.998747e-01 -1.097605e-02 -1.411944e+00 1.939748e-02 1.119588e-02 9.997491e-01 6.805701e+01
9.997353e-01 1.280641e-02 -1.911526e-02 -1.957465e+00 -1.297985e-02 9.998754e-01 -8.977423e-03 -1.446107e+00 1.899791e-02 9.223159e-03 9.997770e-01 6.916393e+01
9.997405e-01 1.218035e-02 -1.925108e-02 -1.980832e+00 -1.234004e-02 9.998902e-01 -8.198364e-03 -1.475187e+00 1.914911e-02 8.433796e-03 9.997811e-01 7.027176e+01
9.997601e-01 1.089498e-02 -1.900038e-02 -2.009537e+00 -1.103632e-02 9.999121e-01 -7.350166e-03 -1.507440e+00 1.891863e-02 7.558097e-03 9.997924e-01 7.138839e+01
9.997641e-01 9.885522e-03 -1.933748e-02 -2.046129e+00 -1.000196e-02 9.999324e-01 -5.933876e-03 -1.535083e+00 1.927752e-02 6.125890e-03 9.997954e-01 7.251501e+01
9.997753e-01 8.232828e-03 -1.953289e-02 -2.072098e+00 -8.310889e-03 9.999578e-01 -3.918577e-03 -1.559674e+00 1.949980e-02 4.080032e-03 9.998015e-01 7.362727e+01
9.997784e-01 7.243248e-03 -1.976331e-02 -2.108684e+00 -7.290615e-03 9.999707e-01 -2.325684e-03 -1.584269e+00 1.974588e-02 2.469255e-03 9.998020e-01 7.475026e+01
9.997720e-01 6.554631e-03 -2.031922e-02 -2.145308e+00 -6.627601e-03 9.999718e-01 -3.525909e-03 -1.608604e+00 2.029554e-02 3.659773e-03 9.997873e-01 7.586017e+01
9.997598e-01 6.740750e-03 -2.085548e-02 -2.180980e+00 -6.893339e-03 9.999499e-01 -7.253285e-03 -1.631754e+00 2.080554e-02 7.395307e-03 9.997562e-01 7.695989e+01
9.997431e-01 7.250551e-03 -2.147690e-02 -2.218992e+00 -7.452299e-03 9.999287e-01 -9.328639e-03 -1.656446e+00 2.140773e-02 9.486295e-03 9.997258e-01 7.806303e+01
9.997058e-01 9.598759e-03 -2.227481e-02 -2.257045e+00 -9.769786e-03 9.999235e-01 -7.581957e-03 -1.683972e+00 2.220033e-02 7.797346e-03 9.997232e-01 7.916313e+01
9.996846e-01 1.072414e-02 -2.270927e-02 -2.290297e+00 -1.080151e-02 9.999363e-01 -3.287194e-03 -1.708612e+00 2.267257e-02 3.531452e-03 9.997367e-01 8.027404e+01
9.996572e-01 1.211600e-02 -2.321235e-02 -2.346919e+00 -1.210542e-02 9.999266e-01 5.963228e-04 -1.732680e+00 2.321787e-02 -3.151232e-04 9.997304e-01 8.138730e+01
9.996216e-01 1.310272e-02 -2.418469e-02 -2.396351e+00 -1.308090e-02 9.999139e-01 1.059940e-03 -1.748667e+00 2.419650e-02 -7.431815e-04 9.997069e-01 8.244936e+01
9.995874e-01 1.311555e-02 -2.555385e-02 -2.443266e+00 -1.314803e-02 9.999129e-01 -1.103561e-03 -1.767121e+00 2.553716e-02 1.439089e-03 9.996728e-01 8.352117e+01
9.995640e-01 1.306510e-02 -2.647801e-02 -2.485326e+00 -1.311810e-02 9.999123e-01 -1.829131e-03 -1.788993e+00 2.645179e-02 2.175674e-03 9.996477e-01 8.458533e+01
9.995388e-01 1.249509e-02 -2.767607e-02 -2.529890e+00 -1.255395e-02 9.999193e-01 -1.954155e-03 -1.812223e+00 2.764942e-02 2.300698e-03 9.996150e-01 8.563420e+01
9.995138e-01 1.142198e-02 -2.901032e-02 -2.570613e+00 -1.147249e-02 9.999330e-01 -1.575205e-03 -1.835286e+00 2.899038e-02 1.907260e-03 9.995779e-01 8.666577e+01
9.994940e-01 1.043234e-02 -3.004904e-02 -2.602230e+00 -1.044195e-02 9.999455e-01 -1.629126e-04 -1.854577e+00 3.004571e-02 4.766009e-04 9.995484e-01 8.769094e+01
9.994774e-01 1.048581e-02 -3.057600e-02 -2.645405e+00 -1.041495e-02 9.999427e-01 2.475850e-03 -1.875505e+00 3.060021e-02 -2.156109e-03 9.995294e-01 8.868924e+01
9.994007e-01 9.068694e-03 -3.340622e-02 -2.714290e+00 -8.954051e-03 9.999535e-01 3.579775e-03 -1.920792e+00 3.343714e-02 -3.278508e-03 9.994354e-01 9.064473e+01
9.991789e-01 7.802727e-03 -3.975773e-02 -2.802086e+00 -7.737400e-03 9.999685e-01 1.796730e-03 -1.961558e+00 3.977050e-02 -1.487633e-03 9.992077e-01 9.246669e+01
9.989047e-01 9.086848e-03 -4.590067e-02 -2.915336e+00 -8.957503e-03 9.999553e-01 3.022829e-03 -2.003233e+00 4.592609e-02 -2.608363e-03 9.989414e-01 9.423906e+01
9.985869e-01 1.146236e-02 -5.189339e-02 -3.023009e+00 -1.118466e-02 9.999216e-01 5.638572e-03 -2.046516e+00 5.195395e-02 -5.050194e-03 9.986367e-01 9.590250e+01
9.982270e-01 1.554257e-02 -5.745656e-02 -3.149322e+00 -1.518038e-02 9.998621e-01 6.734845e-03 -2.082138e+00 5.755331e-02 -5.850692e-03 9.983253e-01 9.749777e+01
9.978275e-01 1.873997e-02 -6.315947e-02 -3.263849e+00 -1.866514e-02 9.998242e-01 1.774622e-03 -2.114981e+00 6.318163e-02 -5.918858e-04 9.980019e-01 9.893686e+01
9.974063e-01 2.314993e-02 -6.815214e-02 -3.377503e+00 -2.351547e-02 9.997131e-01 -4.566169e-03 -2.148462e+00 6.802687e-02 6.156956e-03 9.976645e-01 1.002640e+02
9.972639e-01 2.765419e-02 -6.855621e-02 -3.484065e+00 -2.809613e-02 9.995901e-01 -5.490270e-03 -2.181148e+00 6.837628e-02 7.401412e-03 9.976322e-01 1.014765e+02
9.975989e-01 3.435372e-02 -6.013494e-02 -3.562446e+00 -3.457154e-02 9.993989e-01 -2.585074e-03 -2.214139e+00 6.000998e-02 4.657824e-03 9.981869e-01 1.026092e+02
9.984439e-01 3.555056e-02 -4.296561e-02 -3.607875e+00 -3.552339e-02 9.993679e-01 1.395794e-03 -2.236028e+00 4.298807e-02 1.326628e-04 9.990756e-01 1.036461e+02
9.993956e-01 3.465529e-02 -2.718087e-03 -3.637762e+00 -3.465204e-02 9.993987e-01 1.232871e-03 -2.277642e+00 2.759178e-03 -1.137938e-03 9.999956e-01 1.050927e+02
9.977079e-01 3.073926e-02 6.028293e-02 -3.548815e+00 -3.007759e-02 9.994773e-01 -1.185306e-02 -2.315292e+00 -6.061577e-02 1.001273e-02 9.981110e-01 1.063476e+02
9.885147e-01 2.375587e-02 1.492460e-01 -3.327291e+00 -2.118276e-02 9.995987e-01 -1.880699e-02 -2.357548e+00 -1.496329e-01 1.542954e-02 9.886212e-01 1.075557e+02
9.644968e-01 1.629854e-02 2.635911e-01 -2.971866e+00 -1.065661e-02 9.996828e-01 -2.281984e-02 -2.400444e+00 -2.638794e-01 1.920068e-02 9.643646e-01 1.086743e+02
9.185240e-01 1.991003e-02 3.948636e-01 -2.512357e+00 -1.107968e-02 9.996352e-01 -2.463083e-02 -2.450582e+00 -3.952100e-01 1.824905e-02 9.184095e-01 1.097019e+02
8.495702e-01 1.892839e-02 5.271359e-01 -1.926850e+00 -5.140180e-03 9.996056e-01 -2.760954e-02 -2.488819e+00 -5.274506e-01 2.074666e-02 8.493323e-01 1.105622e+02
7.564731e-01 3.204848e-02 6.532391e-01 -1.220076e+00 -7.038265e-03 9.991398e-01 -4.086813e-02 -2.532833e+00 -6.539869e-01 2.631797e-02 7.560480e-01 1.113388e+02
6.390569e-01 3.458530e-02 7.683815e-01 -3.432093e-01 1.557012e-03 9.989283e-01 -4.625730e-02 -2.554959e+00 -7.691579e-01 3.075743e-02 6.383183e-01 1.119958e+02
5.007752e-01 2.837741e-02 8.651121e-01 6.853358e-01 1.019456e-02 9.991998e-01 -3.867693e-02 -2.592250e+00 -8.655173e-01 2.818789e-02 5.000852e-01 1.125391e+02
3.975841e-01 2.508847e-02 9.172227e-01 1.447994e+00 1.266086e-02 9.993809e-01 -3.282375e-02 -2.623128e+00 -9.174784e-01 2.466303e-02 3.970203e-01 1.128401e+02
2.962159e-01 3.525306e-02 9.544702e-01 2.182710e+00 1.029998e-02 9.991426e-01 -4.009958e-02 -2.654633e+00 -9.550655e-01 2.170916e-02 2.955988e-01 1.130272e+02
2.083313e-01 3.729829e-02 9.773469e-01 3.032829e+00 2.205881e-02 9.988392e-01 -4.282055e-02 -2.680901e+00 -9.778095e-01 3.047997e-02 2.072667e-01 1.131700e+02
1.143937e-01 3.742533e-02 9.927303e-01 4.464716e+00 3.402919e-02 9.985561e-01 -4.156619e-02 -2.738480e+00 -9.928525e-01 3.853672e-02 1.129550e-01 1.133356e+02
6.415679e-02 2.995190e-02 9.974902e-01 5.494607e+00 2.278481e-02 9.992449e-01 -3.147007e-02 -2.793236e+00 -9.976797e-01 2.474665e-02 6.342590e-02 1.134345e+02
2.149386e-02 2.831661e-02 9.993679e-01 6.586564e+00 3.461194e-02 9.989785e-01 -2.904999e-02 -2.849916e+00 -9.991696e-01 3.521446e-02 2.049181e-02 1.134414e+02
-1.002511e-02 3.641774e-02 9.992864e-01 7.716251e+00 4.018810e-02 9.985439e-01 -3.598751e-02 -2.893100e+00 -9.991418e-01 3.979865e-02 -1.147407e-02 1.134162e+02
-2.732000e-02 4.111636e-02 9.987808e-01 8.969329e+00 4.057293e-02 9.983760e-01 -3.998990e-02 -2.936635e+00 -9.988030e-01 3.943094e-02 -2.894385e-02 1.133966e+02
-2.923311e-02 3.650949e-02 9.989057e-01 1.028139e+01 4.804585e-02 9.982290e-01 -3.507869e-02 -2.995207e+00 -9.984172e-01 4.696781e-02 -3.093546e-02 1.133505e+02
-2.598478e-02 3.665550e-02 9.989901e-01 1.167037e+01 4.270358e-02 9.984560e-01 -3.552514e-02 -3.061039e+00 -9.987498e-01 4.173734e-02 -2.750998e-02 1.133348e+02
-2.374166e-02 3.906550e-02 9.989546e-01 1.309646e+01 4.160570e-02 9.984091e-01 -3.805535e-02 -3.119697e+00 -9.988520e-01 4.065870e-02 -2.532924e-02 1.133123e+02
-2.218930e-02 3.734174e-02 9.990562e-01 1.460229e+01 4.006030e-02 9.985329e-01 -3.643243e-02 -3.192665e+00 -9.989508e-01 3.921408e-02 -2.365267e-02 1.132899e+02
-2.269308e-02 3.406032e-02 9.991621e-01 1.616846e+01 4.091761e-02 9.986137e-01 -3.311230e-02 -3.264250e+00 -9.989048e-01 4.013190e-02 -2.405529e-02 1.132762e+02
-2.480837e-02 3.147660e-02 9.991966e-01 1.778602e+01 3.789870e-02 9.988153e-01 -3.052363e-02 -3.333760e+00 -9.989736e-01 3.711101e-02 -2.597190e-02 1.132502e+02
-2.669461e-02 2.757590e-02 9.992632e-01 1.941542e+01 4.220282e-02 9.987593e-01 -2.643457e-02 -3.397011e+00 -9.987524e-01 4.146606e-02 -2.782527e-02 1.132034e+02
-2.929476e-02 3.134140e-02 9.990793e-01 2.107333e+01 3.662236e-02 9.988709e-01 -3.026103e-02 -3.471312e+00 -9.988997e-01 3.570216e-02 -3.040948e-02 1.131706e+02
-3.095058e-02 3.755906e-02 9.988150e-01 2.273974e+01 3.820909e-02 9.986078e-01 -3.636727e-02 -3.548655e+00 -9.987903e-01 3.703822e-02 -3.234258e-02 1.131218e+02
-3.353817e-02 3.108787e-02 9.989538e-01 2.442405e+01 3.179841e-02 9.990433e-01 -3.002307e-02 -3.632750e+00 -9.989315e-01 3.075823e-02 -3.449463e-02 1.130872e+02
-3.432916e-02 2.034858e-02 9.992034e-01 2.612824e+01 2.681303e-02 9.994516e-01 -1.943243e-02 -3.703511e+00 -9.990508e-01 2.612458e-02 -3.485594e-02 1.130506e+02
-3.350239e-02 2.580914e-02 9.991053e-01 2.780781e+01 2.701136e-02 9.993247e-01 -2.490905e-02 -3.782024e+00 -9.990736e-01 2.615268e-02 -3.417691e-02 1.130147e+02
-3.172570e-02 4.245485e-02 9.985945e-01 2.946821e+01 3.158246e-02 9.986412e-01 -4.145344e-02 -3.852206e+00 -9.989975e-01 3.022293e-02 -3.302342e-02 1.129671e+02
-2.923756e-02 2.911160e-02 9.991485e-01 3.114386e+01 3.603854e-02 9.989566e-01 -2.805143e-02 -3.943276e+00 -9.989226e-01 3.518769e-02 -3.025619e-02 1.129173e+02
-2.917094e-02 2.682545e-02 9.992144e-01 3.279722e+01 3.563843e-02 9.990322e-01 -2.578013e-02 -4.023310e+00 -9.989389e-01 3.485840e-02 -3.009872e-02 1.128832e+02
-3.212991e-02 2.745910e-02 9.991064e-01 3.438782e+01 2.998022e-02 9.991992e-01 -2.649753e-02 -4.106231e+00 -9.990339e-01 2.910207e-02 -3.292741e-02 1.128456e+02
-3.647156e-02 2.718446e-02 9.989649e-01 3.599074e+01 2.731179e-02 9.992837e-01 -2.619600e-02 -4.196091e+00 -9.989614e-01 2.632811e-02 -3.718789e-02 1.127977e+02
-4.053731e-02 2.620482e-02 9.988343e-01 3.758046e+01 2.291957e-02 9.994174e-01 -2.528994e-02 -4.276416e+00 -9.989151e-01 2.186767e-02 -4.111429e-02 1.127445e+02
-4.457441e-02 2.495962e-02 9.986942e-01 3.914803e+01 2.278461e-02 9.994532e-01 -2.396165e-02 -4.354124e+00 -9.987462e-01 2.168679e-02 -4.511874e-02 1.126838e+02
-4.736085e-02 2.612076e-02 9.985363e-01 4.069667e+01 2.292273e-02 9.994232e-01 -2.505673e-02 -4.422949e+00 -9.986148e-01 2.170247e-02 -4.793230e-02 1.126176e+02
-4.856275e-02 2.492634e-02 9.985091e-01 4.147235e+01 2.496844e-02 9.994064e-01 -2.373439e-02 -4.458355e+00 -9.985080e-01 2.377860e-02 -4.915629e-02 1.125821e+02
-5.148905e-02 2.365578e-02 9.983933e-01 4.299357e+01 2.317076e-02 9.994786e-01 -2.248653e-02 -4.529709e+00 -9.984047e-01 2.197572e-02 -5.201032e-02 1.125154e+02
-5.352605e-02 2.156797e-02 9.983335e-01 4.447523e+01 2.049626e-02 9.995798e-01 -2.049598e-02 -4.590746e+00 -9.983561e-01 1.936504e-02 -5.394562e-02 1.124473e+02
-5.435210e-02 2.389079e-02 9.982360e-01 4.587550e+01 2.060991e-02 9.995276e-01 -2.279953e-02 -4.653340e+00 -9.983091e-01 1.933435e-02 -5.481881e-02 1.123770e+02
-5.469902e-02 2.839858e-02 9.980990e-01 4.725737e+01 1.841631e-02 9.994541e-01 -2.742786e-02 -4.715104e+00 -9.983330e-01 1.688102e-02 -5.519215e-02 1.123120e+02
-5.524500e-02 2.894013e-02 9.980533e-01 4.865369e+01 1.908907e-02 9.994278e-01 -2.792335e-02 -4.785114e+00 -9.982903e-01 1.750928e-02 -5.576583e-02 1.122510e+02
-5.634428e-02 2.858914e-02 9.980020e-01 5.003943e+01 1.565301e-02 9.994924e-01 -2.774811e-02 -4.849196e+00 -9.982887e-01 1.405829e-02 -5.676318e-02 1.121958e+02
-5.624799e-02 2.864152e-02 9.980059e-01 5.071402e+01 1.283476e-02 9.995266e-01 -2.796179e-02 -4.885531e+00 -9.983343e-01 1.123637e-02 -5.658897e-02 1.121686e+02
-5.614858e-02 2.727921e-02 9.980497e-01 5.139087e+01 1.476891e-02 9.995400e-01 -2.648907e-02 -4.918993e+00 -9.983132e-01 1.325278e-02 -5.652563e-02 1.121324e+02
-5.728548e-02 2.673165e-02 9.979999e-01 5.207612e+01 1.515949e-02 9.995495e-01 -2.590299e-02 -4.948956e+00 -9.982427e-01 1.364530e-02 -5.766491e-02 1.121020e+02
-6.086860e-02 2.620350e-02 9.978018e-01 5.274939e+01 1.209193e-02 9.996014e-01 -2.551312e-02 -4.980561e+00 -9.980726e-01 1.051240e-02 -6.116119e-02 1.120711e+02
-6.617138e-02 2.571492e-02 9.974768e-01 5.341763e+01 8.354569e-03 9.996471e-01 -2.521664e-02 -5.012739e+00 -9.977733e-01 6.664870e-03 -6.636287e-02 1.120377e+02
-7.182360e-02 2.971018e-02 9.969747e-01 5.407635e+01 1.220035e-02 9.995077e-01 -2.890673e-02 -5.041691e+00 -9.973427e-01 1.008726e-02 -7.215071e-02 1.119859e+02
-7.778358e-02 3.277357e-02 9.964314e-01 5.473278e+01 1.486644e-02 9.993865e-01 -3.171026e-02 -5.067970e+00 -9.968594e-01 1.234686e-02 -7.822309e-02 1.119231e+02
-8.525163e-02 3.442713e-02 9.957645e-01 5.540575e+01 1.399832e-02 9.993456e-01 -3.335249e-02 -5.100172e+00 -9.962611e-01 1.109567e-02 -8.567777e-02 1.118721e+02
-9.687678e-02 3.228947e-02 9.947725e-01 5.674841e+01 9.786559e-03 9.994562e-01 -3.148843e-02 -5.167700e+00 -9.952483e-01 6.684902e-03 -9.714011e-02 1.117546e+02
-1.055676e-01 3.248633e-02 9.938814e-01 5.814298e+01 5.802700e-03 9.994693e-01 -3.205263e-02 -5.229435e+00 -9.943952e-01 2.383476e-03 -1.057001e-01 1.116259e+02
-1.097865e-01 2.662221e-02 9.935986e-01 5.958184e+01 8.662462e-03 9.996289e-01 -2.582663e-02 -5.289228e+00 -9.939174e-01 5.771593e-03 -1.099764e-01 1.114783e+02
-1.131100e-01 2.367541e-02 9.933004e-01 6.103243e+01 7.756566e-03 9.997066e-01 -2.294485e-02 -5.350205e+00 -9.935522e-01 5.109308e-03 -1.132604e-01 1.113401e+02
-1.136886e-01 3.173831e-02 9.930094e-01 6.248444e+01 1.565372e-02 9.994227e-01 -3.015112e-02 -5.407151e+00 -9.933931e-01 1.211645e-02 -1.141198e-01 1.111716e+02
-1.151018e-01 3.780514e-02 9.926340e-01 6.398404e+01 2.294610e-02 9.991101e-01 -3.539105e-02 -5.478668e+00 -9.930887e-01 1.870351e-02 -1.158668e-01 1.109989e+02
-1.156250e-01 3.060294e-02 9.928214e-01 6.548352e+01 2.046416e-02 9.993865e-01 -2.842203e-02 -5.552634e+00 -9.930821e-01 1.703096e-02 -1.161803e-01 1.108422e+02
-1.168719e-01 2.819777e-02 9.927466e-01 6.696420e+01 2.207872e-02 9.994236e-01 -2.578818e-02 -5.624316e+00 -9.929015e-01 1.890466e-02 -1.174271e-01 1.106760e+02
-1.186606e-01 2.914163e-02 9.925072e-01 6.770570e+01 2.071309e-02 9.994244e-01 -2.686835e-02 -5.659009e+00 -9.927188e-01 1.736968e-02 -1.191959e-01 1.105965e+02
-1.207625e-01 2.982196e-02 9.922334e-01 6.844518e+01 1.994956e-02 9.994197e-01 -2.760993e-02 -5.692925e+00 -9.924809e-01 1.646037e-02 -1.212874e-01 1.105127e+02
-1.228415e-01 2.998515e-02 9.919732e-01 6.918244e+01 2.094539e-02 9.993991e-01 -2.761584e-02 -5.727650e+00 -9.922053e-01 1.738489e-02 -1.233957e-01 1.104245e+02
-1.245965e-01 3.006344e-02 9.917519e-01 6.992125e+01 2.097501e-02 9.993973e-01 -2.766005e-02 -5.762379e+00 -9.919858e-01 1.735566e-02 -1.251520e-01 1.103344e+02
-1.266421e-01 2.963367e-02 9.915057e-01 7.066855e+01 2.055573e-02 9.994175e-01 -2.724461e-02 -5.797465e+00 -9.917355e-01 1.693081e-02 -1.271774e-01 1.102451e+02
-1.283119e-01 2.999095e-02 9.912803e-01 7.141695e+01 1.847260e-02 9.994415e-01 -2.784676e-02 -5.829115e+00 -9.915618e-01 1.473846e-02 -1.287942e-01 1.101566e+02
-1.293681e-01 3.158668e-02 9.910934e-01 7.216809e+01 1.848407e-02 9.993957e-01 -2.943854e-02 -5.863012e+00 -9.914243e-01 1.451103e-02 -1.298738e-01 1.100627e+02
-1.317568e-01 3.259731e-02 9.907459e-01 7.372541e+01 1.749919e-02 9.993799e-01 -3.055421e-02 -5.922447e+00 -9.911276e-01 1.331153e-02 -1.322455e-01 1.098821e+02
-1.340058e-01 2.864699e-02 9.905664e-01 7.530423e+01 1.579830e-02 9.995168e-01 -2.676861e-02 -5.991379e+00 -9.908546e-01 1.206212e-02 -1.343936e-01 1.096936e+02
-1.380494e-01 2.567883e-02 9.900924e-01 7.684763e+01 1.352323e-02 9.996195e-01 -2.404037e-02 -6.065674e+00 -9.903330e-01 1.007049e-02 -1.383441e-01 1.094921e+02
-1.423171e-01 2.754320e-02 9.894378e-01 7.842003e+01 1.398668e-02 9.995689e-01 -2.581342e-02 -6.132202e+00 -9.897223e-01 1.016526e-02 -1.426410e-01 1.092837e+02
-1.444337e-01 3.487949e-02 9.888996e-01 8.002182e+01 1.727999e-02 9.993151e-01 -3.272303e-02 -6.208769e+00 -9.893636e-01 1.236187e-02 -1.449375e-01 1.090605e+02
-1.456734e-01 3.977727e-02 9.885328e-01 8.166881e+01 1.975999e-02 9.991091e-01 -3.729095e-02 -6.295398e+00 -9.891354e-01 1.410110e-02 -1.463296e-01 1.088394e+02
-1.449994e-01 3.701370e-02 9.887392e-01 8.330186e+01 2.324391e-02 9.991517e-01 -3.399476e-02 -6.382602e+00 -9.891587e-01 1.805295e-02 -1.457368e-01 1.085904e+02
-1.427420e-01 3.308345e-02 9.892068e-01 8.499112e+01 2.172150e-02 9.993052e-01 -3.028679e-02 -6.459034e+00 -9.895215e-01 1.716386e-02 -1.433614e-01 1.083647e+02
-1.396719e-01 2.654739e-02 9.898419e-01 8.669143e+01 2.204626e-02 9.994761e-01 -2.369493e-02 -6.534098e+00 -9.899524e-01 1.851280e-02 -1.401840e-01 1.081375e+02
-1.370678e-01 3.046934e-02 9.900930e-01 8.839935e+01 2.064659e-02 9.993976e-01 -2.789738e-02 -6.613746e+00 -9.903464e-01 1.661821e-02 -1.376143e-01 1.079257e+02
-1.353925e-01 3.680331e-02 9.901082e-01 8.924498e+01 2.123829e-02 9.991881e-01 -3.423658e-02 -6.650603e+00 -9.905644e-01 1.639283e-02 -1.360643e-01 1.078224e+02
-1.326680e-01 3.782350e-02 9.904386e-01 9.093507e+01 1.798489e-02 9.991990e-01 -3.574900e-02 -6.729153e+00 -9.909973e-01 1.307018e-02 -1.332420e-01 1.076145e+02
-1.315534e-01 3.369524e-02 9.907363e-01 9.264984e+01 1.883043e-02 9.993268e-01 -3.148703e-02 -6.818569e+00 -9.911302e-01 1.451377e-02 -1.320993e-01 1.074145e+02
-1.308319e-01 3.320096e-02 9.908485e-01 9.438547e+01 1.702280e-02 9.993670e-01 -3.123870e-02 -6.909418e+00 -9.912584e-01 1.278000e-02 -1.313142e-01 1.072135e+02
-1.290747e-01 3.060319e-02 9.911625e-01 9.610258e+01 2.218830e-02 9.993625e-01 -2.796689e-02 -6.996020e+00 -9.913866e-01 1.838240e-02 -1.296715e-01 1.069934e+02
-1.281262e-01 3.382746e-02 9.911808e-01 9.782950e+01 2.428823e-02 9.992254e-01 -3.096236e-02 -7.088019e+00 -9.914604e-01 2.010694e-02 -1.288485e-01 1.067917e+02
-1.274822e-01 3.096216e-02 9.913575e-01 9.956945e+01 1.609332e-02 9.994456e-01 -2.914528e-02 -7.172872e+00 -9.917103e-01 1.223873e-02 -1.279098e-01 1.066065e+02
-1.296184e-01 2.913470e-02 9.911358e-01 1.012748e+02 7.374815e-03 9.995689e-01 -2.841813e-02 -7.263192e+00 -9.915365e-01 3.625932e-03 -1.297773e-01 1.064274e+02
-1.324561e-01 3.623301e-02 9.905264e-01 1.029489e+02 2.997420e-03 9.993417e-01 -3.615464e-02 -7.348311e+00 -9.911843e-01 -1.819881e-03 -1.324776e-01 1.062421e+02
-1.332773e-01 3.605728e-02 9.904226e-01 1.045720e+02 4.909037e-03 9.993497e-01 -3.572169e-02 -7.437793e+00 -9.910666e-01 1.011294e-04 -1.333677e-01 1.060229e+02
-1.342301e-01 4.008107e-02 9.901393e-01 1.061821e+02 7.601390e-03 9.991939e-01 -3.941711e-02 -7.527565e+00 -9.909210e-01 2.235473e-03 -1.344265e-01 1.058057e+02
-1.363962e-01 4.129286e-02 9.897934e-01 1.077735e+02 4.071870e-03 9.991458e-01 -4.112192e-02 -7.632260e+00 -9.906460e-01 -1.578564e-03 -1.364478e-01 1.055980e+02
-1.421845e-01 4.092086e-02 9.889939e-01 1.093689e+02 1.005115e-03 9.991506e-01 -4.119660e-02 -7.739836e+00 -9.898397e-01 -4.863468e-03 -1.421049e-01 1.053903e+02
-1.488184e-01 4.474340e-02 9.878517e-01 1.109191e+02 -1.214064e-03 9.989668e-01 -4.542973e-02 -7.840316e+00 -9.888638e-01 -7.960095e-03 -1.486103e-01 1.051687e+02
-1.552564e-01 4.345247e-02 9.869181e-01 1.124758e+02 -2.293444e-04 9.990305e-01 -4.402184e-02 -7.943347e+00 -9.878742e-01 -7.061015e-03 -1.550959e-01 1.049414e+02
-1.601200e-01 4.913571e-02 9.858738e-01 1.140352e+02 -2.879152e-03 9.987328e-01 -5.024421e-02 -8.038679e+00 -9.870933e-01 -1.088358e-02 -1.597756e-01 1.047155e+02
-1.651587e-01 5.882395e-02 9.845112e-01 1.155719e+02 -2.108186e-03 9.981965e-01 -5.999529e-02 -8.156052e+00 -9.862648e-01 -1.198428e-02 -1.647368e-01 1.044808e+02
-1.719080e-01 4.979616e-02 9.838536e-01 1.171202e+02 -1.241445e-03 9.987098e-01 -5.076500e-02 -8.260353e+00 -9.851122e-01 -9.948311e-03 -1.716244e-01 1.042428e+02
-1.764995e-01 5.047304e-02 9.830058e-01 1.186101e+02 -3.809440e-03 9.986419e-01 -5.195987e-02 -8.370678e+00 -9.842933e-01 -1.291560e-02 -1.760676e-01 1.039903e+02
-1.821053e-01 5.613793e-02 9.816752e-01 1.200911e+02 -7.878374e-03 9.982536e-01 -5.854746e-02 -8.483278e+00 -9.832475e-01 -1.839581e-02 -1.813450e-01 1.037322e+02
-1.859994e-01 6.425913e-02 9.804463e-01 1.215247e+02 -5.003573e-03 9.977842e-01 -6.634469e-02 -8.615625e+00 -9.825371e-01 -1.724581e-02 -1.852658e-01 1.034546e+02
-1.913745e-01 6.401316e-02 9.794274e-01 1.230084e+02 -4.581134e-03 9.978019e-01 -6.610921e-02 -8.735890e+00 -9.815064e-01 -1.713851e-02 -1.906606e-01 1.031866e+02
-2.007685e-01 5.916708e-02 9.778503e-01 1.244520e+02 2.027403e-03 9.981974e-01 -5.998196e-02 -8.858928e+00 -9.796366e-01 -1.006000e-02 -2.005266e-01 1.028880e+02
-2.155004e-01 5.832832e-02 9.747602e-01 1.259044e+02 4.267693e-04 9.982200e-01 -5.963777e-02 -8.970828e+00 -9.765037e-01 -1.243597e-02 -2.151417e-01 1.025858e+02
-2.380427e-01 5.954777e-02 9.694275e-01 1.273514e+02 3.192489e-04 9.981235e-01 -6.123205e-02 -9.086853e+00 -9.712546e-01 -1.426636e-02 -2.376151e-01 1.022459e+02
-2.624180e-01 6.052781e-02 9.630541e-01 1.287687e+02 4.349508e-03 9.980948e-01 -6.154494e-02 -9.198785e+00 -9.649445e-01 -1.196169e-02 -2.621814e-01 1.018724e+02
-2.834529e-01 6.063595e-02 9.570673e-01 1.301682e+02 1.181388e-02 9.981441e-01 -5.973952e-02 -9.315004e+00 -9.589134e-01 -5.626667e-03 -2.836432e-01 1.014494e+02
-2.999067e-01 6.148289e-02 9.519852e-01 1.315462e+02 2.263169e-02 9.980986e-01 -5.733134e-02 -9.428827e+00 -9.537000e-01 4.350983e-03 -3.007279e-01 1.010064e+02
-3.111709e-01 5.957345e-02 9.484849e-01 1.329182e+02 2.668676e-02 9.981875e-01 -5.394006e-02 -9.540268e+00 -9.499792e-01 8.527414e-03 -3.121967e-01 1.005583e+02
-3.141994e-01 5.620453e-02 9.476918e-01 1.342707e+02 3.910897e-02 9.981648e-01 -4.623167e-02 -9.633817e+00 -9.485511e-01 2.253729e-02 -3.158209e-01 1.000956e+02
-3.155349e-01 6.019388e-02 9.470029e-01 1.356172e+02 4.350040e-02 9.978544e-01 -4.893209e-02 -9.731253e+00 -9.479163e-01 2.575522e-02 -3.174763e-01 9.966101e+01
-3.138486e-01 6.354453e-02 9.473443e-01 1.369271e+02 4.500312e-02 9.976321e-01 -5.200844e-02 -9.819070e+00 -9.484059e-01 2.631067e-02 -3.159652e-01 9.923305e+01
-3.103819e-01 5.948738e-02 9.487489e-01 1.382195e+02 4.787213e-02 9.977518e-01 -4.689861e-02 -9.913043e+00 -9.494058e-01 3.086215e-02 -3.125319e-01 9.880636e+01
-3.069753e-01 6.252418e-02 9.496614e-01 1.394923e+02 4.965537e-02 9.975328e-01 -4.962500e-02 -1.000278e+01 -9.504212e-01 3.192214e-02 -3.093226e-01 9.840363e+01
-2.973395e-01 6.354674e-02 9.526547e-01 1.407451e+02 5.281524e-02 9.973496e-01 -5.004359e-02 -1.008926e+01 -9.533099e-01 3.543476e-02 -2.999077e-01 9.800798e+01
-2.873630e-01 6.010648e-02 9.559339e-01 1.420006e+02 5.451478e-02 9.974376e-01 -4.632845e-02 -1.018038e+01 -9.562691e-01 3.879945e-02 -2.899034e-01 9.763650e+01
-2.795120e-01 5.805832e-02 9.583852e-01 1.432431e+02 5.581218e-02 9.974648e-01 -4.414817e-02 -1.026453e+01 -9.585187e-01 4.114963e-02 -2.820437e-01 9.728343e+01
-2.721259e-01 5.516337e-02 9.606792e-01 1.444437e+02 6.078479e-02 9.973471e-01 -4.005074e-02 -1.034123e+01 -9.603399e-01 4.749584e-02 -2.747570e-01 9.693672e+01
-2.661657e-01 5.424653e-02 9.623997e-01 1.456346e+02 5.522333e-02 9.976335e-01 -4.095971e-02 -1.042820e+01 -9.623441e-01 4.224485e-02 -2.685315e-01 9.662919e+01
-2.560510e-01 6.138306e-02 9.647124e-01 1.467943e+02 5.885447e-02 9.971204e-01 -4.782415e-02 -1.049812e+01 -9.648699e-01 4.453222e-02 -2.589263e-01 9.632251e+01
-2.416173e-01 6.046268e-02 9.684861e-01 1.479478e+02 5.373149e-02 9.973593e-01 -4.886034e-02 -1.058013e+01 -9.688829e-01 4.023270e-02 -2.442280e-01 9.605028e+01
-2.193273e-01 5.733395e-02 9.739652e-01 1.490987e+02 5.313295e-02 9.974923e-01 -4.675389e-02 -1.066169e+01 -9.742035e-01 4.149524e-02 -2.218237e-01 9.580661e+01
-1.908980e-01 5.590264e-02 9.800168e-01 1.502142e+02 5.277988e-02 9.975174e-01 -4.661990e-02 -1.073159e+01 -9.801899e-01 4.282552e-02 -1.933746e-01 9.559713e+01
-1.524436e-01 5.400026e-02 9.868358e-01 1.513368e+02 4.967325e-02 9.976629e-01 -4.691933e-02 -1.081072e+01 -9.870631e-01 4.186679e-02 -1.547697e-01 9.544504e+01
-1.095339e-01 5.413548e-02 9.925078e-01 1.524537e+02 3.886456e-02 9.979855e-01 -5.014514e-02 -1.089416e+01 -9.932230e-01 3.308078e-02 -1.114172e-01 9.535730e+01
-6.992629e-02 5.551147e-02 9.960064e-01 1.535586e+02 2.482716e-02 9.982380e-01 -5.389282e-02 -1.097579e+01 -9.972431e-01 2.095948e-02 -7.118127e-02 9.531575e+01
-4.639054e-02 5.288631e-02 9.975224e-01 1.546741e+02 9.737277e-03 9.985740e-01 -5.248923e-02 -1.105001e+01 -9.988759e-01 7.278148e-03 -4.683936e-02 9.531059e+01
-5.056729e-02 4.663018e-02 9.976315e-01 1.557831e+02 -5.045605e-03 9.988847e-01 -4.694451e-02 -1.112863e+01 -9.987079e-01 -7.407510e-03 -5.027561e-02 9.528967e+01
-7.712057e-02 4.220113e-02 9.961282e-01 1.568867e+02 -5.722144e-03 9.990686e-01 -4.276870e-02 -1.118900e+01 -9.970054e-01 -8.998337e-03 -7.680726e-02 9.522168e+01
-1.026745e-01 4.162604e-02 9.938436e-01 1.579787e+02 1.304842e-03 9.991288e-01 -4.171260e-02 -1.124238e+01 -9.947141e-01 -2.986012e-03 -1.026394e-01 9.511845e+01
-1.172091e-01 4.124748e-02 9.922503e-01 1.585188e+02 -2.167159e-05 9.991370e-01 -4.153632e-02 -1.127006e+01 -9.931073e-01 -4.889939e-03 -1.171071e-01 9.506118e+01
-1.344067e-01 3.996804e-02 9.901199e-01 1.590634e+02 -2.656262e-03 9.991681e-01 -4.069387e-02 -1.129529e+01 -9.909227e-01 -8.099545e-03 -1.341887e-01 9.499914e+01
-1.517594e-01 3.965487e-02 9.876217e-01 1.595881e+02 -1.309307e-03 9.991859e-01 -4.032038e-02 -1.132519e+01 -9.884166e-01 -7.412095e-03 -1.515839e-01 9.491599e+01
-1.674612e-01 3.869389e-02 9.851191e-01 1.601149e+02 9.347181e-04 9.992353e-01 -3.908946e-02 -1.135685e+01 -9.858782e-01 -5.625162e-03 -1.673694e-01 9.482289e+01
-1.822405e-01 3.711319e-02 9.825533e-01 1.606248e+02 2.581339e-03 9.993020e-01 -3.726705e-02 -1.138935e+01 -9.832506e-01 -4.255263e-03 -1.822091e-01 9.472445e+01
-1.968464e-01 3.555617e-02 9.797894e-01 1.611303e+02 2.831138e-03 9.993586e-01 -3.569754e-02 -1.141813e+01 -9.804303e-01 -4.253014e-03 -1.968208e-01 9.462175e+01
-2.109632e-01 3.444982e-02 9.768868e-01 1.616286e+02 8.208556e-04 9.993846e-01 -3.506594e-02 -1.144779e+01 -9.774937e-01 -6.595738e-03 -2.108616e-01 9.451507e+01
-2.345209e-01 3.523201e-02 9.714724e-01 1.626215e+02 5.012598e-03 9.993735e-01 -3.503381e-02 -1.150472e+01 -9.720982e-01 -3.346560e-03 -2.345506e-01 9.427536e+01
-2.520651e-01 3.877039e-02 9.669333e-01 1.635788e+02 8.617014e-03 9.992474e-01 -3.781974e-02 -1.156313e+01 -9.676719e-01 -1.200961e-03 -2.522095e-01 9.402175e+01
-2.602504e-01 3.616321e-02 9.648637e-01 1.645179e+02 5.466794e-03 9.993375e-01 -3.598075e-02 -1.162902e+01 -9.655257e-01 -4.089293e-03 -2.602757e-01 9.376755e+01
-2.644343e-01 3.552280e-02 9.637492e-01 1.659268e+02 9.790971e-03 9.993688e-01 -3.414925e-02 -1.170909e+01 -9.643540e-01 4.058098e-04 -2.646152e-01 9.338948e+01
-2.707100e-01 3.905478e-02 9.618684e-01 1.668708e+02 9.336315e-03 9.992363e-01 -3.794440e-02 -1.175313e+01 -9.626157e-01 -1.291622e-03 -2.708679e-01 9.314180e+01
-2.825507e-01 4.025705e-02 9.584073e-01 1.678914e+02 9.122094e-03 9.991866e-01 -3.928064e-02 -1.179028e+01 -9.592090e-01 -2.356089e-03 -2.826881e-01 9.289571e+01
-2.936988e-01 4.030247e-02 9.550480e-01 1.688839e+02 1.212910e-02 9.991875e-01 -3.843516e-02 -1.184132e+01 -9.558210e-01 2.955080e-04 -2.939490e-01 9.259727e+01
-2.992484e-01 4.146914e-02 9.532737e-01 1.693906e+02 1.494615e-02 9.991363e-01 -3.877240e-02 -1.186931e+01 -9.540582e-01 2.645193e-03 -2.996097e-01 9.243457e+01
-3.107617e-01 4.409108e-02 9.494647e-01 1.704095e+02 1.409449e-02 9.990275e-01 -4.177952e-02 -1.192325e+01 -9.503834e-01 3.987427e-04 -3.110809e-01 9.210567e+01
-3.160602e-01 4.567325e-02 9.476391e-01 1.709220e+02 1.645179e-02 9.989542e-01 -4.265942e-02 -1.195141e+01 -9.485965e-01 2.107414e-03 -3.164811e-01 9.192844e+01
-3.211777e-01 4.671191e-02 9.458662e-01 1.714439e+02 2.098135e-02 9.988886e-01 -4.220602e-02 -1.198292e+01 -9.467865e-01 6.289913e-03 -3.218008e-01 9.174239e+01
-3.298281e-01 4.671098e-02 9.428847e-01 1.725072e+02 2.317972e-02 9.988747e-01 -4.137631e-02 -1.203975e+01 -9.437564e-01 8.208737e-03 -3.305397e-01 9.137361e+01
-3.361891e-01 4.165110e-02 9.408731e-01 1.735894e+02 2.483335e-02 9.990663e-01 -3.535387e-02 -1.209697e+01 -9.414671e-01 1.147945e-02 -3.369095e-01 9.098439e+01
-3.409468e-01 3.928154e-02 9.392616e-01 1.746863e+02 3.148662e-02 9.990432e-01 -3.035225e-02 -1.215587e+01 -9.395552e-01 1.922567e-02 -3.418574e-01 9.058645e+01
-3.423662e-01 3.951111e-02 9.387354e-01 1.757609e+02 3.062933e-02 9.990537e-01 -3.087906e-02 -1.221224e+01 -9.390672e-01 1.818089e-02 -3.432525e-01 9.019809e+01
-3.403887e-01 4.232182e-02 9.393319e-01 1.768327e+02 3.397828e-02 9.988877e-01 -3.269230e-02 -1.226231e+01 -9.396707e-01 2.078879e-02 -3.414481e-01 8.980446e+01
-3.364255e-01 4.323592e-02 9.407170e-01 1.779239e+02 3.445280e-02 9.988418e-01 -3.358613e-02 -1.231198e+01 -9.410797e-01 2.111110e-02 -3.375254e-01 8.943478e+01
-3.311782e-01 4.584827e-02 9.424537e-01 1.789788e+02 3.704245e-02 9.986806e-01 -3.556687e-02 -1.237107e+01 -9.428409e-01 2.313182e-02 -3.324396e-01 8.907004e+01
-3.238683e-01 4.882795e-02 9.448414e-01 1.800092e+02 3.800833e-02 9.985326e-01 -3.857431e-02 -1.242433e+01 -9.453384e-01 2.341884e-02 -3.252489e-01 8.871565e+01
-3.159758e-01 4.766713e-02 9.475690e-01 1.809922e+02 3.763544e-02 9.985808e-01 -3.768336e-02 -1.247874e+01 -9.480205e-01 2.375515e-02 -3.173214e-01 8.838723e+01
-2.989198e-01 3.860702e-02 9.534969e-01 1.823925e+02 4.091041e-02 9.987811e-01 -2.761523e-02 -1.255280e+01 -9.534009e-01 3.075321e-02 -3.001349e-01 8.795118e+01
-2.651495e-01 3.684018e-02 9.635032e-01 1.836423e+02 3.887748e-02 9.988657e-01 -2.749347e-02 -1.261756e+01 -9.634232e-01 3.016869e-02 -2.662810e-01 8.760332e+01
-2.076434e-01 4.573543e-02 9.771348e-01 1.848315e+02 3.773025e-02 9.985376e-01 -3.871943e-02 -1.267720e+01 -9.774767e-01 2.882771e-02 -2.090653e-01 8.735467e+01
-1.223542e-01 4.158911e-02 9.916147e-01 1.860083e+02 2.724015e-02 9.988860e-01 -3.853294e-02 -1.273213e+01 -9.921126e-01 2.229706e-02 -1.233508e-01 8.722701e+01
-2.870627e-02 3.397896e-02 9.990102e-01 1.871545e+02 9.412466e-03 9.993870e-01 -3.372131e-02 -1.279061e+01 -9.995436e-01 8.435136e-03 -2.900849e-02 8.724323e+01
6.829751e-02 2.497501e-02 9.973524e-01 1.882812e+02 4.024995e-03 9.996716e-01 -2.530871e-02 -1.285204e+01 -9.976569e-01 5.742862e-03 6.817456e-02 8.734620e+01
1.769773e-01 2.875394e-02 9.837948e-01 1.893997e+02 -1.874564e-05 9.995733e-01 -2.921174e-02 -1.289781e+01 -9.842149e-01 5.151372e-03 1.769023e-01 8.757779e+01
3.005127e-01 3.716370e-02 9.530535e-01 1.905300e+02 -9.842704e-03 9.993082e-01 -3.586381e-02 -1.294037e+01 -9.537270e-01 1.396910e-03 3.006706e-01 8.797453e+01
