1.000000e+00 0.000000e+00 0.000000e+00 0.000000e+00 0.000000e+00 1.000000e+00 0.000000e+00 0.000000e+00 0.000000e+00 0.000000e+00 1.000000e+00 0.000000e+00
9.939554e-01 -9.384829e-04 -1.097806e-01 -1.893364e-01 4.189594e-04 9.999886e-01 -4.755353e-03 -1.003393e-02 1.097838e-01 4.680615e-03 9.939445e-01 1.078211e+00
9.631484e-01 1.314134e-02 -2.686495e-01 -5.478732e-01 -1.600708e-02 9.998359e-01 -8.479471e-03 -4.410333e-02 2.684940e-01 1.246728e-02 9.632007e-01 2.068442e+00
8.999946e-01 2.199921e-02 -4.353455e-01 -1.085775e+00 -2.658761e-02 9.996366e-01 -4.450468e-03 -5.283324e-02 4.350894e-01 1.558020e-02 9.002525e-01 2.980027e+00
8.064384e-01 1.955573e-02 -5.909945e-01 -1.723299e+00 -2.320708e-02 9.997297e-01 1.413486e-03 -6.621359e-02 5.908625e-01 1.257537e-02 8.066743e-01 3.730247e+00
6.977770e-01 1.710031e-02 -7.161109e-01 -2.331870e+00 -1.928489e-02 9.998011e-01 5.083511e-03 -6.912645e-02 7.160555e-01 1.026296e-02 6.979679e-01 4.212573e+00
6.099339e-01 1.274242e-02 -7.923499e-01 -2.828681e+00 -1.139866e-02 9.999083e-01 7.305895e-03 -6.406395e-02 7.923704e-01 4.575617e-03 6.100232e-01 4.516479e+00
5.616704e-01 1.323780e-02 -8.272552e-01 -3.108636e+00 -9.016006e-03 9.999105e-01 9.879168e-03 -5.872058e-02 8.273120e-01 1.909702e-03 5.617395e-01 4.651576e+00
4.577006e-01 1.559753e-02 -8.889695e-01 -3.617326e+00 -7.138167e-03 9.998783e-01 1.386829e-02 -5.924876e-02 8.890777e-01 -1.911642e-06 4.577563e-01 4.858144e+00
2.929341e-01 2.305082e-02 -9.558547e-01 -4.562361e+00 -3.627843e-03 9.997290e-01 2.299707e-02 -5.672716e-02 9.561257e-01 -3.268936e-03 2.929384e-01 5.083123e+00
1.409863e-01 2.658299e-02 -9.896546e-01 -5.709232e+00 1.590782e-03 9.996321e-01 2.707762e-02 -5.007323e-02 9.900103e-01 -5.391897e-03 1.408921e-01 5.191169e+00
2.616299e-02 2.281328e-02 -9.993973e-01 -7.034439e+00 -9.539744e-04 9.997397e-01 2.279612e-02 -2.627268e-02 9.996572e-01 3.569849e-04 2.617794e-02 5.169911e+00
-5.232179e-02 1.574610e-02 -9.985061e-01 -8.509477e+00 -2.213588e-03 9.998714e-01 1.588362e-02 -7.987464e-03 9.986278e-01 3.041340e-03 -5.228021e-02 5.050332e+00
-8.157057e-02 1.537391e-02 -9.965490e-01 -9.578412e+00 -5.888832e-04 9.998801e-01 1.547350e-02 7.543633e-03 9.966674e-01 1.849033e-03 -8.155174e-02 4.938971e+00
-9.789129e-02 1.812943e-02 -9.950320e-01 -1.070439e+01 -3.174566e-03 9.998233e-01 1.852904e-02 3.625683e-03 9.951921e-01 4.972626e-03 -9.781643e-02 4.802775e+00
-1.040784e-01 1.975382e-02 -9.943729e-01 -1.191663e+01 -2.106647e-04 9.998023e-01 1.988373e-02 2.111746e-02 9.945691e-01 2.278947e-03 -1.040537e-01 4.674727e+00
-1.016689e-01 2.431052e-02 -9.945212e-01 -1.318411e+01 2.226113e-03 9.997044e-01 2.420964e-02 4.078157e-02 9.948158e-01 2.474524e-04 -1.016930e-01 4.535265e+00
-9.865514e-02 2.174398e-02 -9.948841e-01 -1.449997e+01 -1.271189e-03 9.997577e-01 2.197655e-02 5.536059e-02 9.951209e-01 3.432785e-03 -9.860360e-02 4.393834e+00
-9.566293e-02 2.423723e-02 -9.951187e-01 -1.587942e+01 -5.217907e-04 9.997022e-01 2.439903e-02 8.423085e-02 9.954137e-01 2.853326e-03 -9.562179e-02 4.251978e+00
-9.226192e-02 3.003338e-02 -9.952818e-01 -1.731274e+01 -2.096685e-03 9.995369e-01 3.035615e-02 9.643910e-02 9.957325e-01 4.887509e-03 -9.215622e-02 4.114629e+00
-8.869762e-02 2.618590e-02 -9.957143e-01 -1.881828e+01 -5.389060e-03 9.996271e-01 2.676886e-02 1.299761e-01 9.960440e-01 7.740298e-03 -8.852343e-02 3.956752e+00
-8.557121e-02 2.793330e-02 -9.959404e-01 -2.038226e+01 -3.120449e-03 9.995945e-01 2.830390e-02 1.586120e-01 9.963272e-01 5.529780e-03 -8.544934e-02 3.806142e+00
-8.318420e-02 3.181868e-02 -9.960261e-01 -2.197105e+01 2.664619e-04 9.994908e-01 3.190711e-02 1.818826e-01 9.965342e-01 2.388765e-03 -8.315033e-02 3.662391e+00
-8.217472e-02 2.019621e-02 -9.964133e-01 -2.356815e+01 2.287273e-03 9.997959e-01 2.007614e-02 2.011033e-01 9.966153e-01 -6.293187e-04 -8.220413e-02 3.515500e+00
-8.278532e-02 1.642970e-02 -9.964319e-01 -2.521123e+01 6.769693e-03 9.998503e-01 1.592362e-02 2.186743e-01 9.965444e-01 -5.427297e-03 -8.288415e-02 3.370627e+00
-8.318631e-02 3.097267e-02 -9.960526e-01 -2.689109e+01 5.309586e-03 9.995165e-01 3.063695e-02 2.318596e-01 9.965199e-01 -2.740052e-03 -8.331054e-02 3.214687e+00
-8.412458e-02 3.668025e-02 -9.957799e-01 -2.857922e+01 1.856634e-03 9.993263e-01 3.665403e-02 2.523737e-01 9.964535e-01 1.234706e-03 -8.413600e-02 3.059010e+00
-8.497821e-02 3.064383e-02 -9.959115e-01 -3.024846e+01 1.736595e-03 9.995300e-01 3.060699e-02 2.754725e-01 9.963813e-01 8.714326e-04 -8.499148e-02 2.902807e+00
-8.486771e-02 3.421211e-02 -9.958047e-01 -3.193932e+01 -1.613567e-04 9.994099e-01 3.434972e-02 2.990281e-01 9.963922e-01 3.075862e-03 -8.481210e-02 2.737082e+00
-8.478712e-02 2.750951e-02 -9.960192e-01 -3.360275e+01 -1.709698e-03 9.996133e-01 2.775431e-02 3.177538e-01 9.963976e-01 4.056100e-03 -8.470729e-02 2.582865e+00
-8.388181e-02 2.437080e-02 -9.961777e-01 -3.526315e+01 -2.291252e-03 9.996935e-01 2.464975e-02 3.295710e-01 9.964731e-01 4.350159e-03 -8.380026e-02 2.419750e+00
-8.334354e-02 3.193920e-02 -9.960089e-01 -3.692046e+01 -7.206894e-04 9.994841e-01 3.211095e-02 3.414662e-01 9.965206e-01 3.394053e-03 -8.327753e-02 2.279639e+00
-8.276007e-02 4.069133e-02 -9.957384e-01 -3.858984e+01 1.539547e-04 9.991665e-01 4.081862e-02 3.697269e-01 9.965695e-01 3.224853e-03 -8.269735e-02 2.125626e+00
-8.227317e-02 3.606294e-02 -9.959571e-01 -4.024532e+01 8.655589e-04 9.993473e-01 3.611420e-02 4.058953e-01 9.966094e-01 2.109170e-03 -8.225068e-02 1.972072e+00
-8.166560e-02 2.887873e-02 -9.962413e-01 -4.190022e+01 -3.976583e-03 9.995627e-01 2.930098e-02 4.305643e-01 9.966518e-01 6.354519e-03 -8.151505e-02 1.807090e+00
-8.284450e-02 2.518105e-02 -9.962443e-01 -4.356677e+01 -4.506779e-03 9.996610e-01 2.564218e-02 4.459480e-01 9.965523e-01 6.614167e-03 -8.270293e-02 1.648623e+00
-8.464660e-02 1.979329e-02 -9.962144e-01 -4.521787e+01 3.393241e-03 9.998026e-01 1.957627e-02 4.611154e-01 9.964052e-01 -1.723331e-03 -8.469705e-02 1.498779e+00
-8.827568e-02 2.935446e-02 -9.956635e-01 -4.685160e+01 6.273938e-03 9.995623e-01 2.891316e-02 4.705165e-01 9.960763e-01 -3.694402e-03 -8.842120e-02 1.344023e+00
-9.163783e-02 3.183060e-02 -9.952835e-01 -4.848198e+01 7.936764e-03 9.994806e-01 3.123407e-02 4.870245e-01 9.957608e-01 -5.037108e-03 -9.184287e-02 1.185073e+00
-9.400172e-02 2.399010e-02 -9.952829e-01 -5.007758e+01 4.457098e-05 9.997097e-01 2.409259e-02 5.023893e-01 9.955720e-01 2.220385e-03 -9.397551e-02 1.007911e+00
-9.641521e-02 2.321604e-02 -9.950704e-01 -5.166647e+01 -5.455748e-03 9.997006e-01 2.385269e-02 5.162600e-01 9.953262e-01 7.728616e-03 -9.625969e-02 8.310106e-01
-9.852778e-02 2.411811e-02 -9.948420e-01 -5.323032e+01 -7.455593e-03 9.996603e-01 2.497331e-02 5.214024e-01 9.951064e-01 9.877702e-03 -9.831449e-02 6.654792e-01
-9.974681e-02 2.556699e-02 -9.946843e-01 -5.477279e+01 -6.764377e-03 9.996293e-01 2.637242e-02 5.316125e-01 9.949899e-01 9.358984e-03 -9.953689e-02 4.997314e-01
-1.001421e-01 3.252139e-02 -9.944415e-01 -5.631081e+01 -6.310783e-03 9.994248e-01 3.331986e-02 5.441427e-01 9.949532e-01 9.612427e-03 -9.987929e-02 3.269543e-01
-1.016731e-01 3.454104e-02 -9.942181e-01 -5.781792e+01 -6.094459e-03 9.993567e-01 3.534281e-02 5.601068e-01 9.947992e-01 9.652633e-03 -1.013972e-01 1.665586e-01
-1.023146e-01 2.885481e-02 -9.943335e-01 -5.930270e+01 -4.919203e-03 9.995523e-01 2.951243e-02 5.784357e-01 9.947399e-01 7.910880e-03 -1.021268e-01 1.149709e-03
-1.009858e-01 2.348381e-02 -9.946107e-01 -6.073878e+01 -5.748998e-03 9.996909e-01 2.418747e-02 5.906640e-01 9.948713e-01 8.160607e-03 -1.008196e-01 -1.595745e-01
-9.469551e-02 2.347913e-02 -9.952294e-01 -6.211757e+01 -8.452481e-03 9.996668e-01 2.438807e-02 5.960285e-01 9.954704e-01 1.072160e-02 -9.446550e-02 -3.093623e-01
-8.168817e-02 2.638800e-02 -9.963086e-01 -6.343776e+01 -7.030246e-03 9.996093e-01 2.705184e-02 6.008016e-01 9.966331e-01 9.214109e-03 -8.147074e-02 -4.271239e-01
-6.131278e-02 2.927741e-02 -9.976891e-01 -6.469411e+01 -1.042397e-02 9.994964e-01 2.997105e-02 6.051781e-01 9.980642e-01 1.223749e-02 -6.097672e-02 -5.143145e-01
-2.835593e-02 3.189350e-02 -9.990889e-01 -6.587969e+01 -1.512607e-02 9.993627e-01 3.233154e-02 6.161106e-01 9.994835e-01 1.602908e-02 -2.785544e-02 -5.533595e-01
1.851746e-02 3.294838e-02 -9.992855e-01 -6.698466e+01 -1.554501e-02 9.993455e-01 3.266230e-02 6.263527e-01 9.997077e-01 1.492908e-02 1.901752e-02 -5.083184e-01
8.108652e-02 3.239542e-02 -9.961805e-01 -6.800859e+01 -1.276977e-02 9.994234e-01 3.146145e-02 6.371607e-01 9.966252e-01 1.016990e-02 8.145344e-02 -3.856381e-01
2.037108e-01 3.351417e-02 -9.784573e-01 -6.941170e+01 -1.055312e-02 9.994310e-01 3.203544e-02 6.433346e-01 9.789742e-01 3.799815e-03 2.039486e-01 -4.355515e-02
3.541791e-01 2.198900e-02 -9.349191e-01 -7.067423e+01 6.101952e-03 9.996479e-01 2.582302e-02 6.443993e-01 9.351577e-01 -1.485081e-02 3.539202e-01 4.714234e-01
4.581839e-01 1.660571e-02 -8.887023e-01 -7.144782e+01 1.085373e-02 9.996464e-01 2.427455e-02 6.587317e-01 8.887911e-01 -2.076795e-02 4.578417e-01 9.162357e-01
5.946503e-01 4.367463e-03 -8.039726e-01 -7.247271e+01 3.065249e-02 9.991351e-01 2.809946e-02 6.726472e-01 8.033999e-01 -4.135311e-02 5.940021e-01 1.761838e+00
7.195560e-01 -1.247487e-02 -6.943223e-01 -7.338736e+01 2.557973e-02 9.996362e-01 8.548936e-03 6.836247e-01 6.939631e-01 -2.391201e-02 7.196134e-01 2.740251e+00
8.306978e-01 -1.724237e-02 -5.564566e-01 -7.415007e+01 1.914563e-02 9.998139e-01 -2.398981e-03 6.797838e-01 5.563943e-01 -8.660886e-03 8.308732e-01 3.905909e+00
8.880619e-01 -1.420999e-02 -4.595042e-01 -7.460679e+01 1.487125e-02 9.998870e-01 -2.180157e-03 6.664507e-01 4.594833e-01 -4.897289e-03 8.881729e-01 4.838258e+00
9.275585e-01 -3.493771e-03 -3.736615e-01 -7.503139e+01 2.896299e-03 9.999934e-01 -2.160409e-03 6.585209e-01 3.736667e-01 9.216701e-04 9.275626e-01 5.878664e+00
9.517202e-01 3.115885e-03 -3.069511e-01 -7.539696e+01 -2.688832e-03 9.999948e-01 1.814140e-03 6.442896e-01 3.069551e-01 -9.012138e-04 9.517236e-01 6.992873e+00
9.652437e-01 2.875487e-03 -2.613358e-01 -7.571982e+01 -1.500039e-03 9.999840e-01 5.462465e-03 6.364889e-01 2.613473e-01 -4.880596e-03 9.652325e-01 8.185898e+00
9.738002e-01 1.024597e-02 -2.271742e-01 -7.604923e+01 -8.275519e-03 9.999194e-01 9.624504e-03 6.375320e-01 2.272545e-01 -7.492360e-03 9.738066e-01 9.460299e+00
9.796028e-01 1.337678e-02 -2.004977e-01 -7.633801e+01 -1.143642e-02 9.998759e-01 1.083291e-02 6.310653e-01 2.006178e-01 -8.318973e-03 9.796343e-01 1.078350e+01
9.850223e-01 1.457361e-02 -1.718100e-01 -7.659634e+01 -1.285078e-02 9.998554e-01 1.113556e-02 6.290023e-01 1.719474e-01 -8.760878e-03 9.850672e-01 1.216139e+01
9.892619e-01 1.644708e-02 -1.452251e-01 -7.679772e+01 -1.529129e-02 9.998419e-01 9.071364e-03 6.185547e-01 1.453514e-01 -6.753276e-03 9.893571e-01 1.355170e+01
9.920987e-01 1.543131e-02 -1.245069e-01 -7.699265e+01 -1.584778e-02 9.998717e-01 -2.355162e-03 6.076111e-01 1.244546e-01 4.309710e-03 9.922159e-01 1.500916e+01
9.938253e-01 1.754051e-02 -1.095614e-01 -7.718456e+01 -1.727663e-02 9.998451e-01 3.357381e-03 5.974666e-01 1.096033e-01 -1.443799e-03 9.939744e-01 1.656359e+01
9.947202e-01 2.317431e-02 -9.997357e-02 -7.736631e+01 -2.176395e-02 9.996480e-01 1.517517e-02 5.805058e-01 1.002901e-01 -1.291923e-02 9.948744e-01 1.810767e+01
9.953856e-01 2.135380e-02 -9.354939e-02 -7.753054e+01 -2.023403e-02 9.997120e-01 1.290206e-02 5.806310e-01 9.379795e-02 -1.094964e-02 9.955310e-01 1.967300e+01
9.959424e-01 1.892393e-02 -8.798139e-02 -7.767473e+01 -1.744399e-02 9.996936e-01 1.755960e-02 5.721518e-01 8.828673e-02 -1.595361e-02 9.959673e-01 2.120950e+01
9.964187e-01 1.696562e-02 -8.283695e-02 -7.778481e+01 -1.570366e-02 9.997509e-01 1.586214e-02 5.584339e-01 8.308542e-02 -1.450449e-02 9.964369e-01 2.269911e+01
9.966128e-01 2.029578e-02 -7.969332e-02 -7.791756e+01 -2.030338e-02 9.997936e-01 7.150429e-04 5.506785e-01 7.969138e-02 9.054224e-04 9.968192e-01 2.419676e+01
9.968165e-01 2.337146e-02 -7.622848e-02 -7.805170e+01 -2.358340e-02 9.997201e-01 -1.881273e-03 5.300543e-01 7.616317e-02 3.673011e-03 9.970886e-01 2.571635e+01
9.969836e-01 3.061618e-02 -7.131806e-02 -7.818748e+01 -3.018729e-02 9.995192e-01 7.084163e-03 5.052204e-01 7.150065e-02 -4.909896e-03 9.974285e-01 2.723317e+01
9.973690e-01 2.541792e-02 -6.789004e-02 -7.829110e+01 -2.486976e-02 9.996510e-01 8.907301e-03 4.875286e-01 6.809276e-02 -7.195456e-03 9.976531e-01 2.874692e+01
9.975830e-01 2.357635e-02 -6.536219e-02 -7.840842e+01 -2.317663e-02 9.997078e-01 6.866971e-03 4.755215e-01 6.550499e-02 -5.335499e-03 9.978380e-01 3.024632e+01
9.976640e-01 2.163098e-02 -6.479671e-02 -7.845787e+01 -2.132158e-02 9.997578e-01 5.462715e-03 4.702978e-01 6.489918e-02 -4.068386e-03 9.978836e-01 3.100233e+01
9.977124e-01 2.456448e-02 -6.298027e-02 -7.856933e+01 -2.421129e-02 9.996866e-01 6.365023e-03 4.568806e-01 6.311689e-02 -4.825628e-03 9.979945e-01 3.251510e+01
9.977149e-01 2.506209e-02 -6.274357e-02 -7.862980e+01 -2.477355e-02 9.996787e-01 5.372647e-03 4.498045e-01 6.285806e-02 -3.805989e-03 9.980152e-01 3.328990e+01
9.976128e-01 2.543909e-02 -6.419980e-02 -7.869270e+01 -2.515514e-02 9.996699e-01 5.227508e-03 4.409441e-01 6.431159e-02 -3.600073e-03 9.979234e-01 3.407749e+01
9.975368e-01 2.382055e-02 -6.597680e-02 -7.875436e+01 -2.350542e-02 9.997083e-01 5.548630e-03 4.347574e-01 6.608972e-02 -3.984150e-03 9.978057e-01 3.486301e+01
9.969872e-01 2.947179e-02 -7.174939e-02 -7.889277e+01 -2.919029e-02 9.995615e-01 4.968987e-03 4.185210e-01 7.186437e-02 -2.859631e-03 9.974103e-01 3.644574e+01
9.965882e-01 3.044449e-02 -7.671461e-02 -7.903229e+01 -3.082749e-02 9.995174e-01 -3.812988e-03 4.086427e-01 7.656150e-02 6.164898e-03 9.970458e-01 3.801417e+01
9.962993e-01 3.056908e-02 -8.033261e-02 -7.919839e+01 -3.103963e-02 9.995075e-01 -4.615032e-03 3.845901e-01 8.015197e-02 7.091448e-03 9.967574e-01 3.966304e+01
9.960510e-01 2.895965e-02 -8.392726e-02 -7.934822e+01 -2.926731e-02 9.995686e-01 -2.437456e-03 3.592482e-01 8.382047e-02 4.884155e-03 9.964689e-01 4.129884e+01
9.959130e-01 2.899183e-02 -8.553814e-02 -7.950223e+01 -2.861525e-02 9.995747e-01 5.625615e-03 3.387302e-01 8.566486e-02 -3.154928e-03 9.963190e-01 4.296746e+01
9.960806e-01 3.237038e-02 -8.231386e-02 -7.967541e+01 -3.186594e-02 9.994645e-01 7.435018e-03 3.243220e-01 8.251046e-02 -4.782869e-03 9.965787e-01 4.468202e+01
9.964679e-01 3.009183e-02 -7.839764e-02 -7.983982e+01 -2.991358e-02 9.995465e-01 3.447283e-03 3.149823e-01 7.846583e-02 -1.089953e-03 9.969162e-01 4.642921e+01
9.968708e-01 2.566736e-02 -7.476457e-02 -7.997304e+01 -2.563607e-02 9.996704e-01 1.378257e-03 2.922060e-01 7.477530e-02 5.427261e-04 9.972003e-01 4.817373e+01
9.971039e-01 2.132757e-02 -7.300033e-02 -8.009810e+01 -2.090630e-02 9.997601e-01 6.530154e-03 2.609076e-01 7.312209e-02 -4.985075e-03 9.973105e-01 4.990268e+01
9.971976e-01 2.308385e-02 -7.116311e-02 -8.023262e+01 -2.288601e-02 9.997316e-01 3.594224e-03 2.311569e-01 7.122698e-02 -1.955512e-03 9.974582e-01 5.162273e+01
9.971828e-01 2.750944e-02 -6.978346e-02 -8.036597e+01 -2.810550e-02 9.995763e-01 -7.573984e-03 1.968774e-01 6.954554e-02 9.513945e-03 9.975334e-01 5.332183e+01
9.971443e-01 3.268449e-02 -6.808031e-02 -8.050370e+01 -3.373281e-02 9.993285e-01 -1.430562e-02 1.497429e-01 6.756701e-02 1.656131e-02 9.975773e-01 5.501764e+01
9.972470e-01 2.906023e-02 -6.822036e-02 -8.062368e+01 -2.909122e-02 9.995766e-01 5.392909e-04 1.102042e-01 6.820715e-02 1.446807e-03 9.976701e-01 5.670496e+01
9.970882e-01 2.727628e-02 -7.121164e-02 -8.076028e+01 -2.691294e-02 9.996194e-01 6.056929e-03 7.496870e-02 7.134975e-02 -4.122777e-03 9.974428e-01 5.839675e+01
9.969128e-01 2.118174e-02 -7.560617e-02 -8.089626e+01 -2.116675e-02 9.997755e-01 9.996687e-04 4.718176e-02 7.561036e-02 6.037545e-04 9.971372e-01 6.007647e+01
9.963456e-01 2.520970e-02 -8.160889e-02 -8.104774e+01 -2.566333e-02 9.996604e-01 -4.514228e-03 1.058019e-02 8.146738e-02 6.592086e-03 9.966542e-01 6.170691e+01
9.957051e-01 2.758497e-02 -8.837714e-02 -8.121980e+01 -2.872115e-02 9.995201e-01 -1.161008e-02 -3.025203e-02 8.801446e-02 1.409851e-02 9.960194e-01 6.333520e+01
9.948468e-01 3.591983e-02 -9.481349e-02 -8.140448e+01 -3.702454e-02 9.992651e-01 -9.917439e-03 -7.049759e-02 9.438758e-02 1.337676e-02 9.954457e-01 6.495731e+01
9.939030e-01 3.971521e-02 -1.028573e-01 -8.158004e+01 -3.975445e-02 9.992081e-01 1.669229e-03 -1.092762e-01 1.028421e-01 2.429983e-03 9.946947e-01 6.656333e+01
9.927023e-01 3.859491e-02 -1.142477e-01 -8.176696e+01 -3.813422e-02 9.992533e-01 6.215895e-03 -1.318304e-01 1.144023e-01 -1.813784e-03 9.934328e-01 6.814795e+01
9.912264e-01 3.661367e-02 -1.270030e-01 -8.196169e+01 -3.568792e-02 9.993173e-01 9.557766e-03 -1.474445e-01 1.272662e-01 -4.941436e-03 9.918563e-01 6.969822e+01
9.892936e-01 4.310821e-02 -1.394270e-01 -8.219525e+01 -4.282672e-02 9.990699e-01 5.019872e-03 -1.622739e-01 1.395137e-01 1.005074e-03 9.902197e-01 7.123788e+01
9.876432e-01 4.270067e-02 -1.507899e-01 -8.245634e+01 -4.304766e-02 9.990726e-01 9.638572e-04 -1.808925e-01 1.506912e-01 5.539203e-03 9.885654e-01 7.278868e+01
9.858672e-01 4.563337e-02 -1.611939e-01 -8.273151e+01 -4.456477e-02 9.989540e-01 1.024043e-02 -1.945521e-01 1.614926e-01 -2.912138e-03 9.868696e-01 7.433070e+01
9.838001e-01 4.245449e-02 -1.741693e-01 -8.301649e+01 -4.158089e-02 9.990976e-01 8.663370e-03 -2.118662e-01 1.743799e-01 -1.280910e-03 9.846776e-01 7.583465e+01
9.808498e-01 3.789367e-02 -1.910440e-01 -8.332742e+01 -3.865533e-02 9.992526e-01 -2.602452e-04 -2.241451e-01 1.908913e-01 7.640128e-03 9.815814e-01 7.731782e+01
9.765088e-01 3.711077e-02 -2.122578e-01 -8.367101e+01 -3.601284e-02 9.993104e-01 9.037696e-03 -2.390009e-01 2.124468e-01 -1.181384e-03 9.771719e-01 7.878981e+01
9.738649e-01 3.856057e-02 -2.238308e-01 -8.385333e+01 -3.564517e-02 9.992190e-01 1.705251e-02 -2.449084e-01 2.243136e-01 -8.628356e-03 9.744788e-01 7.952155e+01
9.682199e-01 4.302697e-02 -2.463712e-01 -8.423058e+01 -4.017917e-02 9.990550e-01 1.657674e-02 -2.617480e-01 2.468517e-01 -6.150936e-03 9.690338e-01 8.094224e+01
9.618054e-01 4.047672e-02 -2.707249e-01 -8.465425e+01 -4.123343e-02 9.991453e-01 2.894435e-03 -2.701425e-01 2.706106e-01 8.379031e-03 9.626524e-01 8.235360e+01
9.550248e-01 4.028650e-02 -2.937766e-01 -8.510751e+01 -3.737940e-02 9.991809e-01 1.550581e-02 -2.754687e-01 2.941606e-01 -3.827240e-03 9.557483e-01 8.377781e+01
9.472932e-01 3.906597e-02 -3.179772e-01 -8.560915e+01 -3.481026e-02 9.992122e-01 1.905694e-02 -2.820822e-01 3.184712e-01 -6.983640e-03 9.479069e-01 8.520406e+01
9.404863e-01 3.390868e-02 -3.381357e-01 -8.614191e+01 -3.315027e-02 9.994182e-01 8.019221e-03 -2.913682e-01 3.382109e-01 3.667320e-03 9.410632e-01 8.661563e+01
9.351732e-01 3.044841e-02 -3.528795e-01 -8.669400e+01 -3.237238e-02 9.994758e-01 4.496255e-04 -3.067108e-01 3.527082e-01 1.100307e-02 9.356687e-01 8.802001e+01
9.290412e-01 3.580165e-02 -3.682400e-01 -8.727788e+01 -3.731764e-02 9.992989e-01 3.006010e-03 -3.300470e-01 3.680894e-01 1.094914e-02 9.297259e-01 8.942118e+01
9.233003e-01 3.939602e-02 -3.820529e-01 -8.787530e+01 -3.517648e-02 9.992185e-01 1.802571e-02 -3.413122e-01 3.824645e-01 -3.203863e-03 9.239646e-01 9.082347e+01
9.177192e-01 5.698608e-02 -3.931210e-01 -8.851418e+01 -5.236478e-02 9.983750e-01 2.247988e-02 -3.537570e-01 3.937632e-01 -4.452212e-05 9.192119e-01 9.220703e+01
9.136690e-01 4.633446e-02 -4.038094e-01 -8.914125e+01 -4.728511e-02 9.988524e-01 7.623242e-03 -3.560887e-01 4.036992e-01 1.212905e-02 9.148114e-01 9.358553e+01
9.098358e-01 5.314915e-02 -4.115508e-01 -8.980540e+01 -5.264507e-02 9.985342e-01 1.256923e-02 -3.637171e-01 4.116156e-01 1.023019e-02 9.113001e-01 9.498036e+01
9.052982e-01 5.194760e-02 -4.215881e-01 -9.046886e+01 -5.018910e-02 9.986229e-01 1.527546e-02 -3.756495e-01 4.218011e-01 7.330283e-03 9.066588e-01 9.637491e+01
9.008592e-01 4.761095e-02 -4.314927e-01 -9.114448e+01 -5.154315e-02 9.986674e-01 2.582649e-03 -3.817379e-01 4.310406e-01 1.991389e-02 9.021127e-01 9.774617e+01
8.966072e-01 5.133529e-02 -4.398411e-01 -9.184441e+01 -5.424640e-02 9.985098e-01 5.959124e-03 -3.998666e-01 4.394915e-01 1.851680e-02 8.980559e-01 9.912478e+01
8.922056e-01 5.409627e-02 -4.483779e-01 -9.255373e+01 -5.601814e-02 9.983893e-01 8.986715e-03 -4.170920e-01 4.481419e-01 1.709930e-02 8.937989e-01 1.004998e+02
8.879762e-01 5.017374e-02 -4.571443e-01 -9.326594e+01 -5.247391e-02 9.985928e-01 7.672749e-03 -4.304823e-01 4.568861e-01 1.717493e-02 8.893594e-01 1.018631e+02
8.836293e-01 5.068485e-02 -4.654355e-01 -9.397511e+01 -5.255623e-02 9.985777e-01 8.964791e-03 -4.428684e-01 4.652279e-01 1.653999e-02 8.850364e-01 1.031820e+02
8.791089e-01 4.837137e-02 -4.741600e-01 -9.470044e+01 -5.206661e-02 9.986293e-01 5.341746e-03 -4.647739e-01 4.737685e-01 1.999193e-02 8.804225e-01 1.044949e+02
8.747815e-01 4.336093e-02 -4.825735e-01 -9.542032e+01 -5.030054e-02 9.987331e-01 -1.442252e-03 -4.889048e-01 4.818996e-01 2.553536e-02 8.758543e-01 1.057848e+02
8.710212e-01 4.884299e-02 -4.888113e-01 -9.615060e+01 -4.970954e-02 9.987007e-01 1.121387e-02 -5.037483e-01 4.887240e-01 1.453107e-02 8.723174e-01 1.070693e+02
8.684192e-01 5.035410e-02 -4.932672e-01 -9.688318e+01 -4.333606e-02 9.987310e-01 2.565818e-02 -5.186135e-01 4.939333e-01 -9.057951e-04 8.694993e-01 1.083226e+02
8.652031e-01 4.529893e-02 -4.993711e-01 -9.756982e+01 -3.976311e-02 9.989729e-01 2.172581e-02 -5.178506e-01 4.998424e-01 1.059306e-03 8.661157e-01 1.094995e+02
8.622921e-01 4.106924e-02 -5.047432e-01 -9.824670e+01 -3.732147e-02 9.991494e-01 1.753822e-02 -5.108033e-01 5.050341e-01 3.714691e-03 8.630913e-01 1.106260e+02
8.598149e-01 3.975861e-02 -5.090556e-01 -9.888869e+01 -3.541952e-02 9.992065e-01 1.821575e-02 -5.139253e-01 5.093758e-01 2.368330e-03 8.605409e-01 1.116881e+02
8.573803e-01 3.822952e-02 -5.132616e-01 -9.949545e+01 -3.221990e-02 9.992684e-01 2.060711e-02 -5.252194e-01 5.136738e-01 -1.130896e-03 8.579848e-01 1.126805e+02
8.546593e-01 3.388435e-02 -5.180824e-01 -1.000406e+02 -2.875497e-02 9.994256e-01 1.792993e-02 -4.882308e-01 5.183924e-01 -4.265307e-04 8.551427e-01 1.135999e+02
8.498978e-01 2.793352e-02 -5.262066e-01 -1.008033e+02 -2.735627e-02 9.995863e-01 8.878499e-03 -5.086484e-01 5.262370e-01 6.849235e-03 8.503104e-01 1.147983e+02
8.404621e-01 2.868686e-02 -5.411105e-01 -1.014903e+02 -2.582193e-02 9.995835e-01 1.288565e-02 -5.179650e-01 5.412547e-01 3.142614e-03 8.408528e-01 1.158427e+02
8.282885e-01 4.156655e-02 -5.587579e-01 -1.021112e+02 -3.067242e-02 9.991128e-01 2.885697e-02 -5.252442e-01 5.594617e-01 -6.763439e-03 8.288286e-01 1.167255e+02
7.979992e-01 3.586244e-02 -6.015905e-01 -1.028134e+02 -1.915968e-02 9.992330e-01 3.415200e-02 -5.261790e-01 6.023538e-01 -1.572699e-02 7.980742e-01 1.176571e+02
7.278541e-01 2.998982e-02 -6.850759e-01 -1.036285e+02 -2.386661e-02 9.995458e-01 1.839911e-02 -5.171443e-01 6.853165e-01 2.958567e-03 7.282393e-01 1.184635e+02
6.335741e-01 3.417956e-02 -7.729266e-01 -1.044620e+02 -2.566165e-02 9.994024e-01 2.315949e-02 -4.880998e-01 7.732563e-01 5.161321e-03 6.340726e-01 1.191204e+02
5.058668e-01 5.225413e-02 -8.610275e-01 -1.054067e+02 -3.780646e-02 9.985474e-01 3.838808e-02 -4.518780e-01 8.617827e-01 1.313315e-02 5.071075e-01 1.196196e+02
3.807694e-01 4.635999e-02 -9.235071e-01 -1.062296e+02 -3.516694e-02 9.987459e-01 3.563736e-02 -4.227706e-01 9.240010e-01 1.890730e-02 3.819222e-01 1.199082e+02
2.105868e-01 3.805828e-02 -9.768341e-01 -1.073226e+02 -2.738448e-02 9.990794e-01 3.302140e-02 -3.729563e-01 9.771915e-01 1.979622e-02 2.114352e-01 1.200824e+02
6.246759e-03 3.805242e-02 -9.992562e-01 -1.086868e+02 -1.588828e-02 9.991534e-01 3.794918e-02 -3.062523e-01 9.998543e-01 1.563941e-02 6.846058e-03 1.200543e+02
-1.564708e-01 4.373199e-02 -9.867139e-01 -1.098605e+02 -1.199895e-03 9.990101e-01 4.446725e-02 -2.726381e-01 9.876819e-01 8.141779e-03 -1.562634e-01 1.198649e+02
-3.065092e-01 4.668098e-02 -9.507223e-01 -1.111050e+02 1.102953e-02 9.989039e-01 4.549084e-02 -2.065888e-01 9.518038e-01 3.457339e-03 -3.066881e-01 1.194469e+02
-4.391170e-01 5.233495e-02 -8.969043e-01 -1.123665e+02 2.836206e-02 9.986119e-01 4.438382e-02 -1.511507e-01 8.979821e-01 -5.948368e-03 -4.399917e-01 1.187797e+02
-5.114290e-01 5.410734e-02 -8.576204e-01 -1.132329e+02 3.353775e-02 9.985121e-01 4.299648e-02 -1.178687e-01 8.586708e-01 -6.773015e-03 -5.124827e-01 1.182245e+02
-5.621526e-01 5.292476e-02 -8.253384e-01 -1.141172e+02 3.325833e-02 9.985898e-01 4.138165e-02 -9.080324e-02 8.263645e-01 -4.186574e-03 -5.631200e-01 1.175849e+02
-5.933234e-01 5.087889e-02 -8.033546e-01 -1.150674e+02 3.143261e-02 9.987037e-01 4.003616e-02 -5.545058e-02 8.043503e-01 -1.497146e-03 -5.941535e-01 1.168457e+02
-6.138891e-01 5.299730e-02 -7.876112e-01 -1.160676e+02 3.394441e-02 9.985932e-01 4.073665e-02 -1.620950e-02 7.886621e-01 -1.727214e-03 -6.148244e-01 1.160462e+02
-6.277478e-01 5.442666e-02 -7.765117e-01 -1.171049e+02 3.480992e-02 9.985175e-01 4.184628e-02 2.250179e-02 7.776381e-01 -7.614032e-04 -6.287118e-01 1.151863e+02
-6.375120e-01 5.453057e-02 -7.685082e-01 -1.181994e+02 3.458047e-02 9.985120e-01 4.216477e-02 7.018308e-02 7.696640e-01 3.051684e-04 -6.384491e-01 1.142587e+02
-6.429301e-01 5.643380e-02 -7.638430e-01 -1.193286e+02 3.660807e-02 9.984063e-01 4.295049e-02 1.159040e-01 7.650495e-01 -3.486547e-04 -6.439714e-01 1.132958e+02
-6.445891e-01 5.640679e-02 -7.624455e-01 -1.205169e+02 3.719448e-02 9.984074e-01 4.241851e-02 1.643608e-01 7.636239e-01 -1.016259e-03 -6.456605e-01 1.122825e+02
-6.458783e-01 5.567246e-02 -7.614078e-01 -1.217420e+02 3.835292e-02 9.984444e-01 4.047048e-02 2.143783e-01 7.624764e-01 -3.063207e-03 -6.470088e-01 1.112316e+02
-6.472512e-01 5.743819e-02 -7.601097e-01 -1.230169e+02 3.725735e-02 9.983491e-01 4.371540e-02 2.680061e-01 7.613657e-01 -2.482448e-05 -6.483227e-01 1.101363e+02
-6.486424e-01 5.878129e-02 -7.588200e-01 -1.243256e+02 3.719230e-02 9.982700e-01 4.553793e-02 3.221318e-01 7.601840e-01 1.315571e-03 -6.497065e-01 1.090004e+02
-6.499733e-01 5.719280e-02 -7.578019e-01 -1.256740e+02 3.896860e-02 9.983606e-01 4.192453e-02 3.826151e-01 7.589573e-01 -2.280658e-03 -6.511364e-01 1.078361e+02
-6.510393e-01 5.989104e-02 -7.566776e-01 -1.270548e+02 4.402072e-02 9.981835e-01 4.113116e-02 4.345748e-01 7.577665e-01 -6.531492e-03 -6.524932e-01 1.066339e+02
-6.529066e-01 5.514598e-02 -7.554283e-01 -1.284600e+02 4.451833e-02 9.984159e-01 3.440738e-02 4.785837e-01 7.561290e-01 -1.116560e-02 -6.543273e-01 1.053938e+02
-6.537665e-01 4.898809e-02 -7.551090e-01 -1.299193e+02 4.012382e-02 9.987426e-01 3.005511e-02 5.201399e-01 7.556318e-01 -1.064883e-02 -6.549101e-01 1.041113e+02
-6.537131e-01 5.105779e-02 -7.550181e-01 -1.314030e+02 3.794656e-02 9.986778e-01 3.468012e-02 5.531383e-01 7.557905e-01 -5.979491e-03 -6.547862e-01 1.028117e+02
-6.539236e-01 5.337623e-02 -7.546754e-01 -1.321582e+02 3.865262e-02 9.985625e-01 3.713337e-02 5.728890e-01 7.555726e-01 -4.887802e-03 -6.550467e-01 1.021551e+02
-6.542537e-01 5.663741e-02 -7.541513e-01 -1.336561e+02 4.044172e-02 9.983851e-01 3.989492e-02 6.149342e-01 7.551931e-01 -4.397782e-03 -6.554877e-01 1.008472e+02
-6.546615e-01 5.598041e-02 -7.538465e-01 -1.351465e+02 3.856618e-02 9.984288e-01 4.065107e-02 6.530948e-01 7.549377e-01 -2.460287e-03 -6.557919e-01 9.953236e+01
-6.550252e-01 5.722604e-02 -7.534369e-01 -1.366393e+02 3.764534e-02 9.983612e-01 4.310064e-02 6.931629e-01 7.546687e-01 -1.313812e-04 -6.561061e-01 9.821922e+01
-6.552581e-01 5.831865e-02 -7.531506e-01 -1.373941e+02 3.818833e-02 9.982980e-01 4.407642e-02 7.188271e-01 7.544392e-01 1.198687e-04 -6.563699e-01 9.755544e+01
-6.561760e-01 5.776100e-02 -7.523940e-01 -1.388848e+02 3.877968e-02 9.983299e-01 4.282096e-02 7.630482e-01 7.536107e-01 -1.079515e-03 -6.573201e-01 9.623282e+01
-6.579050e-01 5.791856e-02 -7.508705e-01 -1.403754e+02 3.980185e-02 9.983190e-01 4.213158e-02 8.123761e-01 7.520484e-01 -2.167459e-03 -6.591043e-01 9.491969e+01
-6.596429e-01 5.610212e-02 -7.494824e-01 -1.418625e+02 3.843679e-02 9.984234e-01 4.090706e-02 8.554519e-01 7.505957e-01 -1.823651e-03 -6.607592e-01 9.360651e+01
-6.604417e-01 5.420773e-02 -7.489181e-01 -1.433446e+02 3.701770e-02 9.985285e-01 3.963041e-02 9.007679e-01 7.499643e-01 -1.549653e-03 -6.614765e-01 9.228770e+01
-6.598226e-01 5.142528e-02 -7.496596e-01 -1.448027e+02 3.265910e-02 9.986753e-01 3.976197e-02 9.426323e-01 7.507113e-01 1.752641e-03 -6.606281e-01 9.097573e+01
-6.577155e-01 4.779713e-02 -7.517484e-01 -1.462921e+02 3.033057e-02 9.988559e-01 3.697188e-02 9.848953e-01 7.526555e-01 1.516020e-03 -6.584128e-01 8.964832e+01
-6.553002e-01 5.079942e-02 -7.536585e-01 -1.477852e+02 3.241476e-02 9.987081e-01 3.913231e-02 1.026785e+00 7.546728e-01 1.213754e-03 -6.561003e-01 8.833704e+01
-6.531161e-01 6.313945e-02 -7.546210e-01 -1.492644e+02 3.785496e-02 9.979942e-01 5.073955e-02 1.078973e+00 7.563110e-01 4.572668e-03 -6.541963e-01 8.704319e+01
-6.523592e-01 6.122705e-02 -7.554328e-01 -1.507220e+02 3.805135e-02 9.981205e-01 4.803713e-02 1.138199e+00 7.569541e-01 2.592226e-03 -6.534629e-01 8.575641e+01
-6.522412e-01 5.725048e-02 -7.558464e-01 -1.521788e+02 3.779148e-02 9.983597e-01 4.300797e-02 1.197059e+00 7.570688e-01 -5.129792e-04 -6.533349e-01 8.447913e+01
-6.522609e-01 6.086572e-02 -7.555469e-01 -1.536380e+02 3.778660e-02 9.981425e-01 4.778783e-02 1.239666e+00 7.570521e-01 2.620579e-03 -6.533492e-01 8.318861e+01
-6.532874e-01 5.904173e-02 -7.548044e-01 -1.550760e+02 3.858895e-02 9.982555e-01 4.468583e-02 1.282860e+00 7.561259e-01 6.558601e-05 -6.544262e-01 8.193658e+01
-6.543428e-01 6.283814e-02 -7.535827e-01 -1.565411e+02 3.831012e-02 9.980164e-01 4.995544e-02 1.331997e+00 7.552270e-01 3.818135e-03 -6.554522e-01 8.064502e+01
-6.549312e-01 6.713817e-02 -7.527002e-01 -1.579797e+02 4.079475e-02 9.977343e-01 5.349846e-02 1.392465e+00 7.545865e-01 4.331606e-03 -6.561862e-01 7.936935e+01
-6.557660e-01 6.561758e-02 -7.521073e-01 -1.593996e+02 4.223668e-02 9.978442e-01 5.023052e-02 1.447837e+00 7.537819e-01 1.172948e-03 -6.571237e-01 7.810285e+01
-6.550081e-01 6.131556e-02 -7.531300e-01 -1.608205e+02 3.743357e-02 9.981115e-01 4.870405e-02 1.497814e+00 7.546940e-01 3.709206e-03 -6.560665e-01 7.683231e+01
-6.538127e-01 5.879454e-02 -7.543687e-01 -1.622357e+02 3.365285e-02 9.982495e-01 4.863531e-02 1.544483e+00 7.559077e-01 6.411726e-03 -6.546468e-01 7.556545e+01
-6.526181e-01 5.900793e-02 -7.553858e-01 -1.636523e+02 3.307271e-02 9.982311e-01 4.940482e-02 1.594039e+00 7.569649e-01 7.259828e-03 -6.534153e-01 7.431676e+01
-6.518053e-01 5.661191e-02 -7.562704e-01 -1.650663e+02 3.225232e-02 9.983770e-01 4.693798e-02 1.647503e+00 7.577002e-01 6.202952e-03 -6.525733e-01 7.308022e+01
-6.506990e-01 6.051048e-02 -7.569210e-01 -1.664969e+02 3.658063e-02 9.981604e-01 4.834875e-02 1.703444e+00 7.584542e-01 3.771831e-03 -6.517155e-01 7.183846e+01
-6.497309e-01 5.836206e-02 -7.579206e-01 -1.679196e+02 3.601635e-02 9.982921e-01 4.599619e-02 1.757800e+00 7.593105e-01 2.587615e-03 -6.507233e-01 7.058810e+01
-6.483976e-01 5.485787e-02 -7.593229e-01 -1.693035e+02 3.749143e-02 9.984912e-01 4.012226e-02 1.806497e+00 7.603782e-01 -2.452920e-03 -6.494759e-01 6.938290e+01
-6.476958e-01 5.418278e-02 -7.599700e-01 -1.706623e+02 3.379434e-02 9.985294e-01 4.238937e-02 1.842260e+00 7.611492e-01 1.772730e-03 -6.485744e-01 6.820326e+01
-6.478577e-01 5.339113e-02 -7.598880e-01 -1.719859e+02 3.365260e-02 9.985728e-01 4.147037e-02 1.877164e+00 7.610176e-01 1.294693e-03 -6.487299e-01 6.706052e+01
-6.476874e-01 5.284607e-02 -7.600713e-01 -1.732579e+02 3.307753e-02 9.986014e-01 4.124385e-02 1.914116e+00 7.611879e-01 1.571844e-03 -6.485296e-01 6.595366e+01
-6.477402e-01 5.216493e-02 -7.600732e-01 -1.744922e+02 3.181091e-02 9.986349e-01 4.142828e-02 1.939578e+00 7.611969e-01 2.656143e-03 -6.485155e-01 6.487997e+01
-6.479984e-01 5.477122e-02 -7.596698e-01 -1.756987e+02 3.248696e-02 9.984909e-01 4.427854e-02 1.971424e+00 7.609485e-01 4.013054e-03 -6.487998e-01 6.383836e+01
-6.480847e-01 5.891256e-02 -7.592862e-01 -1.768761e+02 3.395029e-02 9.982472e-01 4.847531e-02 2.001405e+00 7.608112e-01 5.638119e-03 -6.489488e-01 6.282003e+01
-6.486339e-01 6.274791e-02 -7.585096e-01 -1.780208e+02 3.765133e-02 9.980209e-01 5.036429e-02 2.043321e+00 7.601687e-01 4.109094e-03 -6.497127e-01 6.182685e+01
-6.497725e-01 6.335779e-02 -7.574836e-01 -1.791017e+02 3.815991e-02 9.979826e-01 5.073997e-02 2.078976e+00 7.591702e-01 4.063931e-03 -6.508794e-01 6.087688e+01
-6.505401e-01 6.425380e-02 -7.567490e-01 -1.796268e+02 3.975132e-02 9.979296e-01 5.055962e-02 2.097171e+00 7.584309e-01 2.809287e-03 -6.517474e-01 6.041516e+01
-6.525841e-01 6.444862e-02 -7.549704e-01 -1.801446e+02 4.172322e-02 9.979209e-01 4.912340e-02 2.114635e+00 7.565667e-01 5.573516e-04 -6.539163e-01 5.996391e+01
-6.610500e-01 6.684384e-02 -7.473585e-01 -1.811333e+02 4.781473e-02 9.977524e-01 4.694624e-02 2.147660e+00 7.488168e-01 -4.700931e-03 -6.627604e-01 5.907770e+01
-6.768988e-01 7.042915e-02 -7.326990e-01 -1.820586e+02 5.340222e-02 9.974877e-01 4.654614e-02 2.176576e+00 7.341364e-01 -7.620724e-03 -6.789593e-01 5.819534e+01
-6.983493e-01 7.430020e-02 -7.118903e-01 -1.829237e+02 5.889882e-02 9.971898e-01 4.629849e-02 2.203007e+00 7.133297e-01 -9.596977e-03 -7.007629e-01 5.731207e+01
-7.274407e-01 7.985018e-02 -6.815086e-01 -1.837199e+02 6.762083e-02 9.967136e-01 4.460342e-02 2.226394e+00 6.828305e-01 -1.363784e-02 -7.304496e-01 5.644015e+01
-7.640274e-01 8.034901e-02 -6.401611e-01 -1.844233e+02 6.763463e-02 9.967226e-01 4.438096e-02 2.248089e+00 6.416290e-01 -9.388800e-03 -7.669577e-01 5.553743e+01
-8.047084e-01 7.699990e-02 -5.886557e-01 -1.850283e+02 6.261988e-02 9.970308e-01 4.481488e-02 2.261465e+00 5.903586e-01 -7.986401e-04 -8.071407e-01 5.464413e+01
-8.489751e-01 7.696869e-02 -5.227975e-01 -1.855433e+02 6.260866e-02 9.970180e-01 4.511495e-02 2.272974e+00 5.247109e-01 5.569817e-03 -8.512623e-01 5.375450e+01
-9.151663e-01 5.400560e-02 -3.994423e-01 -1.860910e+02 4.253138e-02 9.983896e-01 3.754071e-02 2.293501e+00 4.008264e-01 1.736716e-02 -9.159894e-01 5.242655e+01
-9.640307e-01 3.634722e-02 -2.632939e-01 -1.864215e+02 3.028819e-02 9.991755e-01 2.703632e-02 2.300092e+00 2.640595e-01 1.808915e-02 -9.643368e-01 5.106831e+01
-9.856523e-01 3.545076e-02 -1.650238e-01 -1.865421e+02 3.129458e-02 9.991258e-01 2.771840e-02 2.303289e+00 1.658622e-01 2.215635e-02 -9.859000e-01 5.013566e+01
-9.997813e-01 1.534628e-02 -1.421102e-02 -1.864954e+02 1.478507e-02 9.991381e-01 3.878767e-02 2.307399e+00 1.479402e-02 3.856908e-02 -9.991464e-01 4.874848e+01
-9.894918e-01 2.927896e-02 1.415939e-01 -1.863022e+02 3.399169e-02 9.989418e-01 3.097960e-02 2.328490e+00 -1.405371e-01 3.546708e-02 -9.894400e-01 4.738957e+01
-9.565231e-01 3.121497e-02 2.899815e-01 -1.858813e+02 3.929364e-02 9.989838e-01 2.207732e-02 2.335998e+00 -2.889977e-01 3.251189e-02 -9.567776e-01 4.608728e+01
-9.228700e-01 3.802744e-02 3.832294e-01 -1.855139e+02 4.844622e-02 9.986713e-01 1.756820e-02 2.348716e+00 -3.820521e-01 3.477918e-02 -9.234861e-01 4.522602e+01
-8.679883e-01 2.829958e-02 4.957776e-01 -1.847773e+02 4.639338e-02 9.986296e-01 2.422078e-02 2.354402e+00 -4.944127e-01 4.402415e-02 -8.681117e-01 4.399294e+01
-8.204155e-01 2.711064e-02 5.711247e-01 -1.839333e+02 5.079238e-02 9.983819e-01 2.557074e-02 2.363802e+00 -5.695073e-01 4.998742e-02 -8.204649e-01 4.281199e+01
-7.896262e-01 2.419313e-02 6.131110e-01 -1.829957e+02 4.774477e-02 9.986154e-01 2.208555e-02 2.374137e+00 -6.117278e-01 4.671218e-02 -7.896880e-01 4.163989e+01
-7.776292e-01 2.229285e-02 6.283278e-01 -1.823414e+02 4.350159e-02 9.988840e-01 1.839826e-02 2.380746e+00 -6.272165e-01 4.164029e-02 -7.777311e-01 4.087459e+01
-7.694429e-01 2.532326e-02 6.382133e-01 -1.816578e+02 4.605882e-02 9.988122e-01 1.589821e-02 2.390290e+00 -6.370527e-01 4.162812e-02 -7.696953e-01 4.006002e+01
-7.646045e-01 2.727814e-02 6.439223e-01 -1.809403e+02 4.727493e-02 9.987863e-01 1.382401e-02 2.389056e+00 -6.427636e-01 4.101128e-02 -7.649660e-01 3.923666e+01
-7.620176e-01 2.212407e-02 6.471783e-01 -1.801779e+02 3.964520e-02 9.991353e-01 1.252421e-02 2.392310e+00 -6.463416e-01 3.520118e-02 -7.622358e-01 3.836701e+01
-7.612838e-01 2.777252e-02 6.478239e-01 -1.793900e+02 4.796579e-02 9.987571e-01 1.354932e-02 2.393268e+00 -6.466424e-01 4.138826e-02 -7.616696e-01 3.743179e+01
-7.618707e-01 2.850349e-02 6.471017e-01 -1.785632e+02 4.498464e-02 9.989475e-01 8.961491e-03 2.377723e+00 -6.461652e-01 3.593714e-02 -7.623510e-01 3.646013e+01
-7.623286e-01 3.477974e-02 6.462549e-01 -1.777004e+02 4.375574e-02 9.990399e-01 -2.150995e-03 2.373788e+00 -6.457093e-01 2.663760e-02 -7.631186e-01 3.545527e+01
-7.628822e-01 3.410254e-02 6.456375e-01 -1.767817e+02 4.472211e-02 9.989995e-01 7.633795e-05 2.360062e+00 -6.449889e-01 2.893251e-02 -7.636440e-01 3.437045e+01
-7.633789e-01 2.465397e-02 6.454803e-01 -1.758233e+02 3.564952e-02 9.993564e-01 3.990809e-03 2.341660e+00 -6.449665e-01 2.605756e-02 -7.637665e-01 3.329483e+01
-7.631959e-01 2.141409e-02 6.458122e-01 -1.748285e+02 3.539519e-02 9.993356e-01 8.692321e-03 2.333667e+00 -6.451970e-01 2.949259e-02 -7.634468e-01 3.213271e+01
-7.636415e-01 1.660014e-02 6.454270e-01 -1.737924e+02 3.430620e-02 9.993005e-01 1.488798e-02 2.323137e+00 -6.447284e-01 3.351123e-02 -7.636768e-01 3.095235e+01
-7.629677e-01 1.875793e-02 6.461644e-01 -1.727050e+02 3.229560e-02 9.994367e-01 9.120185e-03 2.327436e+00 -6.456293e-01 2.782667e-02 -7.631438e-01 2.970097e+01
-7.628742e-01 1.827061e-02 6.462888e-01 -1.715986e+02 3.704970e-02 9.991934e-01 1.548594e-02 2.326648e+00 -6.454845e-01 3.575862e-02 -7.629358e-01 2.842726e+01
-7.626225e-01 2.135085e-02 6.464913e-01 -1.704373e+02 4.240752e-02 9.989552e-01 1.703409e-02 2.331114e+00 -6.454521e-01 4.040668e-02 -7.627311e-01 2.705689e+01
-7.619104e-01 3.181057e-02 6.469008e-01 -1.692739e+02 4.937032e-02 9.987397e-01 9.035815e-03 2.331743e+00 -6.457981e-01 3.882219e-02 -7.625206e-01 2.565557e+01
-7.627302e-01 3.344003e-02 6.458517e-01 -1.680661e+02 4.888345e-02 9.987864e-01 6.015978e-03 2.323355e+00 -6.448667e-01 3.616003e-02 -7.634392e-01 2.425025e+01
-7.630231e-01 2.837817e-02 6.457480e-01 -1.668533e+02 4.702676e-02 9.988254e-01 1.167276e-02 2.317571e+00 -6.446582e-01 3.927402e-02 -7.634614e-01 2.279156e+01
-7.634797e-01 3.124680e-02 6.450755e-01 -1.656283e+02 5.412842e-02 9.984105e-01 1.570176e-02 2.309710e+00 -6.435595e-01 4.690489e-02 -7.639575e-01 2.135214e+01
-7.632682e-01 3.613842e-02 6.450703e-01 -1.644332e+02 6.398526e-02 9.977542e-01 1.981282e-02 2.317946e+00 -6.429055e-01 5.639749e-02 -7.638664e-01 1.989677e+01
-7.628300e-01 3.453612e-02 6.456761e-01 -1.632223e+02 7.128744e-02 9.969772e-01 3.089548e-02 2.327698e+00 -6.426573e-01 6.959660e-02 -7.629862e-01 1.844309e+01
-7.633829e-01 4.019605e-02 6.446944e-01 -1.620135e+02 7.090474e-02 9.972453e-01 2.178110e-02 2.336592e+00 -6.420429e-01 6.233920e-02 -7.641301e-01 1.702404e+01
-7.644649e-01 4.775040e-02 6.428944e-01 -1.608191e+02 7.104655e-02 9.974188e-01 1.039898e-02 2.335104e+00 -6.407384e-01 5.362508e-02 -7.658842e-01 1.561332e+01
-7.658898e-01 4.468596e-02 6.414171e-01 -1.596423e+02 7.143386e-02 9.973199e-01 1.581540e-02 2.317868e+00 -6.389914e-01 5.793176e-02 -7.670293e-01 1.423639e+01
-7.687920e-01 4.109124e-02 6.381774e-01 -1.584649e+02 6.800193e-02 9.975283e-01 1.769047e-02 2.310026e+00 -6.358731e-01 5.699759e-02 -7.696860e-01 1.284332e+01
-7.789567e-01 3.690825e-02 6.259906e-01 -1.573228e+02 6.282061e-02 9.978374e-01 1.933911e-02 2.300909e+00 -6.239231e-01 5.438944e-02 -7.795908e-01 1.146281e+01
-7.945017e-01 3.940815e-02 6.059819e-01 -1.562474e+02 6.508318e-02 9.976703e-01 2.045004e-02 2.306257e+00 -6.037642e-01 5.568682e-02 -7.952155e-01 1.001863e+01
-8.173478e-01 4.106638e-02 5.746791e-01 -1.551867e+02 7.020456e-02 9.971226e-01 2.859565e-02 2.294712e+00 -5.718513e-01 6.371769e-02 -8.178791e-01 8.564051e+00
-8.462736e-01 4.712312e-02 5.306603e-01 -1.542126e+02 7.544249e-02 9.966426e-01 3.180957e-02 2.324859e+00 -5.273798e-01 6.695393e-02 -8.469875e-01 7.033657e+00
-8.783249e-01 5.375421e-02 4.750324e-01 -1.533342e+02 8.052110e-02 9.960966e-01 3.616447e-02 2.356973e+00 -4.712342e-01 7.001428e-02 -8.792248e-01 5.423626e+00
