1.000000e+00 0.000000e+00 0.000000e+00 0.000000e+00 0.000000e+00 1.000000e+00 0.000000e+00 0.000000e+00 0.000000e+00 0.000000e+00 1.000000e+00 0.000000e+00
9.999807e-01 4.900866e-04 -6.191199e-03 -1.205977e-02 -4.879807e-04 9.999998e-01 3.416493e-04 -1.571958e-03 6.191365e-03 -3.386215e-04 9.999808e-01 9.113878e-02
9.999153e-01 1.066225e-03 -1.297002e-02 -2.494319e-02 -1.063047e-03 9.999994e-01 2.519325e-04 -2.874234e-03 1.297028e-02 -2.381234e-04 9.999159e-01 1.848476e-01
9.997847e-01 1.405454e-03 -2.070305e-02 -3.483369e-02 -1.416735e-03 9.999989e-01 -5.302262e-04 -3.394606e-03 2.070229e-02 5.594428e-04 9.997855e-01 2.814117e-01
9.995521e-01 1.994210e-03 -2.985961e-02 -5.080555e-02 -2.053726e-03 9.999960e-01 -1.962640e-03 -4.227781e-03 2.985558e-02 2.023084e-03 9.995522e-01 3.835266e-01
9.991400e-01 2.074073e-03 -4.141111e-02 -6.839444e-02 -2.223633e-03 9.999912e-01 -3.565866e-03 -4.547848e-03 4.140335e-02 3.654883e-03 9.991358e-01 4.981242e-01
9.984867e-01 1.939960e-03 -5.495976e-02 -9.166720e-02 -2.189393e-03 9.999876e-01 -4.478609e-03 -5.658452e-03 5.495039e-02 4.592160e-03 9.984785e-01 6.236360e-01
9.974560e-01 1.800117e-03 -7.126205e-02 -1.194036e-01 -2.125015e-03 9.999877e-01 -4.483646e-03 -6.177479e-03 7.125311e-02 4.623673e-03 9.974476e-01 7.655224e-01
9.959534e-01 2.392199e-04 -8.987043e-02 -1.514171e-01 -6.505132e-04 9.999894e-01 -4.547252e-03 -7.689152e-03 8.986840e-02 4.587313e-03 9.959431e-01 9.175729e-01
9.939554e-01 -9.384829e-04 -1.097806e-01 -1.893364e-01 4.189594e-04 9.999886e-01 -4.755353e-03 -1.003393e-02 1.097838e-01 4.680615e-03 9.939445e-01 1.078211e+00
9.912768e-01 -1.081657e-03 -1.317917e-01 -2.388947e-01 4.062102e-04 9.999866e-01 -5.151889e-03 -1.445789e-02 1.317955e-01 5.053413e-03 9.912640e-01 1.243993e+00
9.877522e-01 3.144712e-03 -1.559993e-01 -2.798040e-01 -4.223831e-03 9.999694e-01 -6.586457e-03 -2.130008e-02 1.559738e-01 7.164702e-03 9.877352e-01 1.388032e+00
9.833542e-01 7.666869e-03 -1.815370e-01 -3.260394e-01 -9.292887e-03 9.999239e-01 -8.108059e-03 -2.724988e-02 1.814611e-01 9.660097e-03 9.833507e-01 1.530181e+00
9.780671e-01 9.172822e-03 -2.080880e-01 -4.317481e-01 -1.129720e-02 9.998955e-01 -9.022893e-03 -3.156512e-02 2.079834e-01 1.117581e-02 9.780685e-01 1.756864e+00
9.712210e-01 1.105594e-02 -2.379234e-01 -4.685449e-01 -1.359851e-02 9.998666e-01 -9.047840e-03 -3.964274e-02 2.377916e-01 1.202286e-02 9.712418e-01 1.888678e+00
9.631483e-01 1.314134e-02 -2.686495e-01 -5.478732e-01 -1.600708e-02 9.998359e-01 -8.479471e-03 -4.410333e-02 2.684940e-01 1.246728e-02 9.632007e-01 2.068442e+00
9.536943e-01 1.511124e-02 -3.003979e-01 -6.393242e-01 -1.814736e-02 9.998085e-01 -7.319237e-03 -4.851038e-02 3.002297e-01 1.243174e-02 9.537859e-01 2.252718e+00
9.423644e-01 1.721430e-02 -3.341453e-01 -7.361365e-01 -2.045381e-02 9.997717e-01 -6.178679e-03 -5.093855e-02 3.339627e-01 1.265711e-02 9.425013e-01 2.437448e+00
9.298595e-01 1.949293e-02 -3.673981e-01 -8.455403e-01 -2.320700e-02 9.997145e-01 -5.693795e-03 -5.352484e-02 3.671822e-01 1.382064e-02 9.300463e-01 2.622285e+00
9.160025e-01 2.200377e-02 -4.005686e-01 -9.671355e-01 -2.624983e-02 9.996423e-01 -5.115255e-03 -5.140289e-02 4.003128e-01 1.520044e-02 9.162525e-01 2.809974e+00
8.999946e-01 2.199921e-02 -4.353455e-01 -1.085775e+00 -2.658761e-02 9.996366e-01 -4.450468e-03 -5.283324e-02 4.350894e-01 1.558020e-02 9.002524e-01 2.980027e+00
8.814028e-01 1.712503e-02 -4.720548e-01 -1.214203e+00 -2.221156e-02 9.997397e-01 -5.204389e-03 -5.266943e-02 4.718429e-01 1.507224e-02 8.815538e-01 3.169175e+00
8.601184e-01 1.208962e-02 -5.099511e-01 -1.353768e+00 -1.743063e-02 9.998318e-01 -5.696272e-03 -5.520177e-02 5.097965e-01 1.378824e-02 8.601845e-01 3.354802e+00
8.349416e-01 1.325309e-02 -5.501790e-01 -1.516433e+00 -1.761785e-02 9.998413e-01 -2.651663e-03 -5.951857e-02 5.500565e-01 1.190696e-02 8.350426e-01 3.541104e+00
8.064385e-01 1.955573e-02 -5.909946e-01 -1.723299e+00 -2.320708e-02 9.997297e-01 1.413486e-03 -6.621359e-02 5.908624e-01 1.257537e-02 8.066743e-01 3.730247e+00
7.735898e-01 2.228685e-02 -6.332947e-01 -1.916979e+00 -2.613151e-02 9.996532e-01 3.259228e-03 -6.985255e-02 6.331477e-01 1.402764e-02 7.739039e-01 3.899483e+00
7.374449e-01 2.150647e-02 -6.750648e-01 -2.116041e+00 -2.553541e-02 9.996661e-01 3.952703e-03 -7.067152e-02 6.749244e-01 1.432316e-02 7.377478e-01 4.055886e+00
6.977770e-01 1.710031e-02 -7.161110e-01 -2.331870e+00 -1.928489e-02 9.998011e-01 5.083511e-03 -6.912645e-02 7.160555e-01 1.026296e-02 6.979680e-01 4.212573e+00
6.547802e-01 1.340124e-02 -7.557005e-01 -2.568490e+00 -1.393500e-02 9.998869e-01 5.657476e-03 -6.759753e-02 7.556908e-01 6.826285e-03 6.548929e-01 4.371245e+00
6.099338e-01 1.274242e-02 -7.923499e-01 -2.828681e+00 -1.139866e-02 9.999083e-01 7.305894e-03 -6.406395e-02 7.923704e-01 4.575617e-03 6.100232e-01 4.516478e+00
5.616704e-01 1.323780e-02 -8.272552e-01 -3.108636e+00 -9.016006e-03 9.999106e-01 9.879168e-03 -5.872058e-02 8.273120e-01 1.909702e-03 5.617395e-01 4.651576e+00
5.103690e-01 1.386543e-02 -8.598438e-01 -3.402956e+00 -7.737967e-03 9.999036e-01 1.153102e-02 -5.366012e-02 8.599207e-01 7.683700e-04 5.104270e-01 4.773215e+00
4.577007e-01 1.559753e-02 -8.889695e-01 -3.617326e+00 -7.138166e-03 9.998784e-01 1.386829e-02 -5.924876e-02 8.890777e-01 -1.911642e-06 4.577563e-01 4.858144e+00
4.029801e-01 1.771188e-02 -9.150373e-01 -3.942902e+00 -6.194468e-03 9.998426e-01 1.662538e-02 -5.458704e-02 9.151878e-01 -1.031525e-03 4.030264e-01 4.954557e+00
3.478269e-01 1.990487e-02 -9.373474e-01 -4.225539e+00 -5.795748e-03 9.998012e-01 1.908044e-02 -5.739053e-02 9.375408e-01 -1.204059e-03 3.478731e-01 5.020224e+00
2.929342e-01 2.305082e-02 -9.558547e-01 -4.562361e+00 -3.627843e-03 9.997290e-01 2.299707e-02 -5.672716e-02 9.561257e-01 -3.268936e-03 2.929384e-01 5.083123e+00
2.391866e-01 2.495606e-02 -9.706528e-01 -4.923738e+00 5.636583e-04 9.996659e-01 2.584090e-02 -5.612044e-02 9.709734e-01 -6.727913e-03 2.390927e-01 5.138683e+00
1.883405e-01 2.542513e-02 -9.817746e-01 -5.303084e+00 2.992664e-03 9.996453e-01 2.646203e-02 -5.340922e-02 9.820992e-01 -7.921992e-03 1.881976e-01 5.176464e+00
1.409863e-01 2.658299e-02 -9.896546e-01 -5.709232e+00 1.590782e-03 9.996321e-01 2.707762e-02 -5.007323e-02 9.900103e-01 -5.391897e-03 1.408921e-01 5.191169e+00
9.844381e-02 2.688650e-02 -9.947793e-01 -6.126581e+00 -2.764982e-04 9.996357e-01 2.699039e-02 -4.067785e-02 9.951426e-01 -2.381983e-03 9.841538e-02 5.197241e+00
6.063787e-02 2.547392e-02 -9.978347e-01 -6.577073e+00 -2.080282e-03 9.996753e-01 2.539449e-02 -3.267184e-02 9.981577e-01 5.359092e-04 6.067118e-02 5.187669e+00
2.616299e-02 2.281328e-02 -9.993973e-01 -7.034439e+00 -9.539745e-04 9.997397e-01 2.279612e-02 -2.627268e-02 9.996572e-01 3.569849e-04 2.617794e-02 5.169911e+00
-5.314734e-03 2.009537e-02 -9.997839e-01 -7.512936e+00 -6.730399e-04 9.997978e-01 2.009922e-02 -2.200154e-02 9.999857e-01 7.797165e-04 -5.300134e-03 5.143679e+00
-3.187933e-02 1.825453e-02 -9.993250e-01 -8.007416e+00 -9.077795e-04 9.998323e-01 1.829276e-02 -1.765613e-02 9.994913e-01 1.490328e-03 -3.185741e-02 5.102422e+00
-5.232179e-02 1.574610e-02 -9.985061e-01 -8.509477e+00 -2.213588e-03 9.998714e-01 1.588362e-02 -7.987464e-03 9.986278e-01 3.041340e-03 -5.228021e-02 5.050332e+00
-6.862016e-02 1.490080e-02 -9.975316e-01 -9.031362e+00 -1.746313e-03 9.998851e-01 1.505608e-02 1.719672e-03 9.976413e-01 2.775153e-03 -6.858625e-02 5.000379e+00
-8.157057e-02 1.537391e-02 -9.965490e-01 -9.578412e+00 -5.888833e-04 9.998801e-01 1.547350e-02 7.543633e-03 9.966674e-01 1.849033e-03 -8.155173e-02 4.938971e+00
-9.118828e-02 1.654133e-02 -9.956963e-01 -1.013626e+01 -1.620570e-03 9.998582e-01 1.675889e-02 8.140698e-03 9.958324e-01 3.141810e-03 -9.114855e-02 4.874666e+00
-9.789128e-02 1.812943e-02 -9.950320e-01 -1.070439e+01 -3.174566e-03 9.998233e-01 1.852904e-02 3.625683e-03 9.951921e-01 4.972627e-03 -9.781643e-02 4.802775e+00
-1.023869e-01 1.909317e-02 -9.945614e-01 -1.129796e+01 -2.844896e-03 9.998061e-01 1.948673e-02 1.068058e-02 9.947406e-01 4.824608e-03 -1.023127e-01 4.732581e+00
-1.040784e-01 1.975382e-02 -9.943729e-01 -1.191663e+01 -2.106647e-04 9.998023e-01 1.988373e-02 2.111746e-02 9.945691e-01 2.278946e-03 -1.040537e-01 4.674727e+00
-1.034008e-01 2.202187e-02 -9.943960e-01 -1.254272e+01 2.377020e-03 9.997575e-01 2.189344e-02 2.908474e-02 9.946369e-01 -9.990009e-05 -1.034281e-01 4.613497e+00
-1.016689e-01 2.431052e-02 -9.945212e-01 -1.318411e+01 2.226113e-03 9.997044e-01 2.420964e-02 4.078157e-02 9.948158e-01 2.474524e-04 -1.016930e-01 4.535265e+00
-1.000046e-01 2.418403e-02 -9.946930e-01 -1.384370e+01 5.802712e-04 9.997058e-01 2.424757e-02 5.088370e-02 9.949868e-01 1.847676e-03 -9.998920e-02 4.458293e+00
-9.865514e-02 2.174398e-02 -9.948841e-01 -1.449997e+01 -1.271189e-03 9.997577e-01 2.197655e-02 5.536059e-02 9.951209e-01 3.432785e-03 -9.860360e-02 4.393834e+00
-9.750656e-02 2.162808e-02 -9.949998e-01 -1.518006e+01 -1.221220e-03 9.997605e-01 2.185123e-02 6.853786e-02 9.952341e-01 3.345752e-03 -9.745679e-02 4.327255e+00
-9.566293e-02 2.423723e-02 -9.951187e-01 -1.587942e+01 -5.217907e-04 9.997022e-01 2.439903e-02 8.423085e-02 9.954136e-01 2.853326e-03 -9.562179e-02 4.251978e+00
-9.383833e-02 2.773354e-02 -9.952011e-01 -1.659892e+01 -1.221950e-03 9.996080e-01 2.797156e-02 9.588822e-02 9.955867e-01 3.840891e-03 -9.376766e-02 4.178489e+00
-9.226192e-02 3.003338e-02 -9.952817e-01 -1.731274e+01 -2.096685e-03 9.995369e-01 3.035615e-02 9.643910e-02 9.957326e-01 4.887509e-03 -9.215622e-02 4.114629e+00
-9.040373e-02 2.926942e-02 -9.954750e-01 -1.806405e+01 -3.457071e-03 9.995528e-01 2.970327e-02 1.134788e-01 9.958992e-01 6.126715e-03 -9.026211e-02 4.033979e+00
-8.869762e-02 2.618590e-02 -9.957143e-01 -1.881828e+01 -5.389060e-03 9.996271e-01 2.676886e-02 1.299761e-01 9.960440e-01 7.740298e-03 -8.852343e-02 3.956752e+00
-8.707605e-02 2.552734e-02 -9.958745e-01 -1.959626e+01 -6.041883e-03 9.996397e-01 2.615214e-02 1.451925e-01 9.961833e-01 8.294182e-03 -8.689045e-02 3.876191e+00
-8.557120e-02 2.793330e-02 -9.959404e-01 -2.038226e+01 -3.120449e-03 9.995945e-01 2.830390e-02 1.586120e-01 9.963272e-01 5.529780e-03 -8.544934e-02 3.806142e+00
-8.448050e-02 3.007395e-02 -9.959712e-01 -2.118035e+01 -8.024420e-04 9.995420e-01 3.024984e-02 1.701895e-01 9.964248e-01 3.354731e-03 -8.441768e-02 3.735488e+00
-8.318421e-02 3.181868e-02 -9.960261e-01 -2.197105e+01 2.664619e-04 9.994908e-01 3.190711e-02 1.818826e-01 9.965342e-01 2.388765e-03 -8.315033e-02 3.662391e+00
-8.249591e-02 2.710069e-02 -9.962229e-01 -2.277281e+01 6.133027e-04 9.996314e-01 2.714262e-02 1.942756e-01 9.965912e-01 1.628169e-03 -8.248213e-02 3.588351e+00
-8.217472e-02 2.019621e-02 -9.964133e-01 -2.356815e+01 2.287273e-03 9.997958e-01 2.007614e-02 2.011033e-01 9.966153e-01 -6.293187e-04 -8.220414e-02 3.515500e+00
-8.215399e-02 1.555359e-02 -9.964983e-01 -2.438640e+01 5.568031e-03 9.998698e-01 1.514717e-02 2.132420e-01 9.966041e-01 -4.304133e-03 -8.222989e-02 3.442096e+00
-8.278532e-02 1.642970e-02 -9.964320e-01 -2.521123e+01 6.769694e-03 9.998503e-01 1.592363e-02 2.186743e-01 9.965444e-01 -5.427297e-03 -8.288415e-02 3.370627e+00
-8.286902e-02 2.387811e-02 -9.962743e-01 -2.604860e+01 6.480880e-03 9.997047e-01 2.342125e-02 2.222900e-01 9.965394e-01 -4.515838e-03 -8.299930e-02 3.294803e+00
-8.318631e-02 3.097267e-02 -9.960526e-01 -2.689109e+01 5.309586e-03 9.995165e-01 3.063695e-02 2.318596e-01 9.965199e-01 -2.740052e-03 -8.331053e-02 3.214687e+00
-8.364043e-02 3.629569e-02 -9.958348e-01 -2.773490e+01 3.456944e-03 9.993410e-01 3.613313e-02 2.424046e-01 9.964900e-01 -4.203546e-04 -8.371078e-02 3.136322e+00
-8.412458e-02 3.668025e-02 -9.957799e-01 -2.857922e+01 1.856634e-03 9.993263e-01 3.665403e-02 2.523737e-01 9.964535e-01 1.234706e-03 -8.413600e-02 3.059010e+00
-8.468027e-02 3.326085e-02 -9.958529e-01 -2.940641e+01 2.032925e-03 9.994464e-01 3.320800e-02 2.645968e-01 9.964061e-01 7.875679e-04 -8.470101e-02 2.984871e+00
-8.497821e-02 3.064383e-02 -9.959115e-01 -3.024846e+01 1.736595e-03 9.995300e-01 3.060699e-02 2.754725e-01 9.963813e-01 8.714326e-04 -8.499148e-02 2.902807e+00
-8.514461e-02 3.200105e-02 -9.958546e-01 -3.108460e+01 1.184570e-04 9.994844e-01 3.210757e-02 2.853637e-01 9.963686e-01 2.615821e-03 -8.510451e-02 2.822685e+00
-8.486771e-02 3.421211e-02 -9.958047e-01 -3.193932e+01 -1.613567e-04 9.994099e-01 3.434972e-02 2.990281e-01 9.963922e-01 3.075862e-03 -8.481210e-02 2.737082e+00
-8.495970e-02 3.273197e-02 -9.958466e-01 -3.277314e+01 -8.627158e-04 9.994575e-01 3.292425e-02 3.048140e-01 9.963840e-01 3.656367e-03 -8.488537e-02 2.662047e+00
-8.478711e-02 2.750951e-02 -9.960193e-01 -3.360275e+01 -1.709698e-03 9.996133e-01 2.775431e-02 3.177538e-01 9.963976e-01 4.056100e-03 -8.470729e-02 2.582865e+00
-8.472973e-02 2.348670e-02 -9.961271e-01 -3.443293e+01 -2.900282e-03 9.997121e-01 2.381793e-02 3.251490e-01 9.963997e-01 4.907136e-03 -8.463722e-02 2.506076e+00
-8.388181e-02 2.437080e-02 -9.961776e-01 -3.526315e+01 -2.291252e-03 9.996935e-01 2.464975e-02 3.295710e-01 9.964731e-01 4.350159e-03 -8.380026e-02 2.419750e+00
-8.321903e-02 2.690268e-02 -9.961681e-01 -3.609662e+01 -9.737682e-04 9.996329e-01 2.707760e-02 3.342326e-01 9.965308e-01 3.223409e-03 -8.316228e-02 2.341295e+00
-8.334355e-02 3.193920e-02 -9.960089e-01 -3.692046e+01 -7.206894e-04 9.994841e-01 3.211095e-02 3.414663e-01 9.965206e-01 3.394053e-03 -8.327753e-02 2.279639e+00
-8.271226e-02 3.760283e-02 -9.958638e-01 -3.776437e+01 3.340974e-04 9.992889e-01 3.770441e-02 3.539923e-01 9.965734e-01 2.785901e-03 -8.266600e-02 2.203896e+00
-8.276006e-02 4.069133e-02 -9.957384e-01 -3.858984e+01 1.539547e-04 9.991666e-01 4.081863e-02 3.697269e-01 9.965695e-01 3.224853e-03 -8.269735e-02 2.125626e+00
-8.242444e-02 4.057200e-02 -9.957711e-01 -3.942570e+01 6.082863e-04 9.991728e-01 4.066025e-02 3.864340e-01 9.965971e-01 2.745685e-03 -8.238095e-02 2.047426e+00
-8.227317e-02 3.606294e-02 -9.959571e-01 -4.024532e+01 8.655589e-04 9.993473e-01 3.611420e-02 4.058953e-01 9.966094e-01 2.109170e-03 -8.225068e-02 1.972072e+00
-8.202372e-02 3.175178e-02 -9.961245e-01 -4.106897e+01 -1.758057e-04 9.994919e-01 3.187360e-02 4.178931e-01 9.966304e-01 2.789515e-03 -8.197646e-02 1.895752e+00
-8.166560e-02 2.887873e-02 -9.962413e-01 -4.190022e+01 -3.976583e-03 9.995627e-01 2.930098e-02 4.305643e-01 9.966519e-01 6.354519e-03 -8.151505e-02 1.807090e+00
-8.214165e-02 2.698891e-02 -9.962552e-01 -4.273881e+01 -7.015883e-03 9.995928e-01 2.765779e-02 4.426513e-01 9.965960e-01 9.261466e-03 -8.191885e-02 1.721194e+00
-8.284450e-02 2.518105e-02 -9.962443e-01 -4.356677e+01 -4.506780e-03 9.996610e-01 2.564218e-02 4.459480e-01 9.965523e-01 6.614167e-03 -8.270293e-02 1.648623e+00
-8.395545e-02 2.134048e-02 -9.962410e-01 -4.439882e+01 -8.800029e-04 9.997687e-01 2.149021e-02 4.541382e-01 9.964691e-01 2.680915e-03 -8.391725e-02 1.572934e+00
-8.464660e-02 1.979329e-02 -9.962144e-01 -4.521787e+01 3.393241e-03 9.998026e-01 1.957627e-02 4.611154e-01 9.964053e-01 -1.723331e-03 -8.469705e-02 1.498779e+00
-8.656690e-02 2.308350e-02 -9.959786e-01 -4.604394e+01 3.695805e-03 9.997321e-01 2.284927e-02 4.669974e-01 9.962392e-01 -1.702952e-03 -8.662902e-02 1.420539e+00
-8.827568e-02 2.935446e-02 -9.956635e-01 -4.685160e+01 6.273938e-03 9.995622e-01 2.891316e-02 4.705165e-01 9.960763e-01 -3.694402e-03 -8.842120e-02 1.344023e+00
-9.015601e-02 3.295919e-02 -9.953821e-01 -4.766831e+01 8.171157e-03 9.994431e-01 3.235356e-02 4.781866e-01 9.958941e-01 -5.216556e-03 -9.037511e-02 1.267066e+00
-9.163783e-02 3.183060e-02 -9.952835e-01 -4.848198e+01 7.936764e-03 9.994806e-01 3.123407e-02 4.870244e-01 9.957608e-01 -5.037108e-03 -9.184286e-02 1.185073e+00
-9.270477e-02 2.776879e-02 -9.953063e-01 -4.928233e+01 4.620767e-03 9.996123e-01 2.745853e-02 4.937236e-01 9.956829e-01 -2.053541e-03 -9.279714e-02 1.097821e+00
-9.400172e-02 2.399010e-02 -9.952830e-01 -5.007758e+01 4.457098e-05 9.997097e-01 2.409259e-02 5.023893e-01 9.955720e-01 2.220385e-03 -9.397550e-02 1.007911e+00
-9.528298e-02 2.224879e-02 -9.952016e-01 -5.087177e+01 -4.225659e-03 9.997321e-01 2.275465e-02 5.093042e-01 9.954413e-01 6.373514e-03 -9.516344e-02 9.168382e-01
-9.641522e-02 2.321604e-02 -9.950704e-01 -5.166646e+01 -5.455748e-03 9.997006e-01 2.385269e-02 5.162599e-01 9.953262e-01 7.728616e-03 -9.625969e-02 8.310106e-01
-9.741447e-02 2.459645e-02 -9.949399e-01 -5.245345e+01 -5.203555e-03 9.996683e-01 2.522282e-02 5.208891e-01 9.952303e-01 7.634293e-03 -9.725417e-02 7.484579e-01
-9.852778e-02 2.411811e-02 -9.948420e-01 -5.323032e+01 -7.455594e-03 9.996603e-01 2.497331e-02 5.214024e-01 9.951064e-01 9.877703e-03 -9.831449e-02 6.654792e-01
-9.915176e-02 2.383233e-02 -9.947869e-01 -5.400984e+01 -8.455773e-03 9.996569e-01 2.479180e-02 5.248900e-01 9.950364e-01 1.086984e-02 -9.891622e-02 5.809527e-01
-9.974681e-02 2.556699e-02 -9.946843e-01 -5.477279e+01 -6.764377e-03 9.996293e-01 2.637242e-02 5.316125e-01 9.949899e-01 9.358985e-03 -9.953689e-02 4.997313e-01
-1.000330e-01 2.836048e-02 -9.945799e-01 -5.554376e+01 -6.019928e-03 9.995581e-01 2.910791e-02 5.385250e-01 9.949659e-01 8.899050e-03 -9.981803e-02 4.177753e-01
-1.001421e-01 3.252139e-02 -9.944415e-01 -5.631081e+01 -6.310783e-03 9.994248e-01 3.331986e-02 5.441427e-01 9.949531e-01 9.612427e-03 -9.987929e-02 3.269543e-01
-1.009027e-01 3.451814e-02 -9.942973e-01 -5.706944e+01 -6.151239e-03 9.993572e-01 3.531804e-02 5.532935e-01 9.948773e-01 9.679845e-03 -1.006255e-01 2.472160e-01
-1.016731e-01 3.454104e-02 -9.942180e-01 -5.781792e+01 -6.094459e-03 9.993567e-01 3.534281e-02 5.601068e-01 9.947992e-01 9.652633e-03 -1.013972e-01 1.665586e-01
-1.020382e-01 3.238050e-02 -9.942533e-01 -5.856842e+01 -5.161625e-03 9.994394e-01 3.307912e-02 5.719738e-01 9.947671e-01 8.507296e-03 -1.018138e-01 8.213795e-02
-1.023146e-01 2.885481e-02 -9.943335e-01 -5.930270e+01 -4.919203e-03 9.995523e-01 2.951243e-02 5.784357e-01 9.947399e-01 7.910881e-03 -1.021268e-01 1.149709e-03
-1.021366e-01 2.589746e-02 -9.944332e-01 -6.003250e+01 -5.150665e-03 9.996339e-01 2.656191e-02 5.854719e-01 9.947570e-01 7.834937e-03 -1.019659e-01 -8.220353e-02
-1.009858e-01 2.348381e-02 -9.946107e-01 -6.073878e+01 -5.748999e-03 9.996909e-01 2.418747e-02 5.906640e-01 9.948713e-01 8.160607e-03 -1.008196e-01 -1.595745e-01
-9.881251e-02 2.268608e-02 -9.948474e-01 -6.143806e+01 -8.033354e-03 9.996893e-01 2.359440e-02 5.932138e-01 9.950736e-01 1.032338e-02 -9.859957e-02 -2.367164e-01
-9.469551e-02 2.347913e-02 -9.952294e-01 -6.211756e+01 -8.452480e-03 9.996668e-01 2.438807e-02 5.960285e-01 9.954704e-01 1.072160e-02 -9.446550e-02 -3.093623e-01
-8.897846e-02 2.488915e-02 -9.957225e-01 -6.279084e+01 -7.692666e-03 9.996408e-01 2.567452e-02 6.000377e-01 9.960038e-01 9.944240e-03 -8.875503e-02 -3.721319e-01
-8.168817e-02 2.638800e-02 -9.963085e-01 -6.343776e+01 -7.030246e-03 9.996093e-01 2.705184e-02 6.008016e-01 9.966331e-01 9.214109e-03 -8.147074e-02 -4.271239e-01
-7.292273e-02 2.765283e-02 -9.969542e-01 -6.407840e+01 -8.068701e-03 9.995665e-01 2.831547e-02 6.030746e-01 9.973050e-01 1.010897e-02 -7.266799e-02 -4.788936e-01
-6.131278e-02 2.927741e-02 -9.976891e-01 -6.469410e+01 -1.042397e-02 9.994964e-01 2.997105e-02 6.051781e-01 9.980642e-01 1.223749e-02 -6.097672e-02 -5.143146e-01
-4.658238e-02 3.068814e-02 -9.984429e-01 -6.529674e+01 -1.348616e-02 9.994176e-01 3.134729e-02 6.112660e-01 9.988234e-01 1.492539e-02 -4.614138e-02 -5.426200e-01
-2.835593e-02 3.189350e-02 -9.990890e-01 -6.587969e+01 -1.512607e-02 9.993627e-01 3.233155e-02 6.161106e-01 9.994834e-01 1.602908e-02 -2.785544e-02 -5.533595e-01
-6.589608e-03 3.271193e-02 -9.994431e-01 -6.644344e+01 -1.601223e-02 9.993332e-01 3.281391e-02 6.204385e-01 9.998501e-01 1.621954e-02 -6.061424e-03 -5.414926e-01
1.851746e-02 3.294838e-02 -9.992855e-01 -6.698467e+01 -1.554501e-02 9.993455e-01 3.266230e-02 6.263526e-01 9.997077e-01 1.492908e-02 1.901752e-02 -5.083184e-01
4.746689e-02 3.250195e-02 -9.983439e-01 -6.750565e+01 -1.394529e-02 9.993946e-01 3.187312e-02 6.313492e-01 9.987755e-01 1.240928e-02 4.789140e-02 -4.584325e-01
8.108652e-02 3.239541e-02 -9.961805e-01 -6.800859e+01 -1.276977e-02 9.994234e-01 3.146145e-02 6.371607e-01 9.966253e-01 1.016990e-02 8.145344e-02 -3.856380e-01
1.182673e-01 3.266139e-02 -9.924445e-01 -6.848885e+01 -1.205910e-02 9.994324e-01 3.145431e-02 6.421435e-01 9.929086e-01 8.247969e-03 1.185941e-01 -2.921330e-01
1.588675e-01 3.246429e-02 -9.867660e-01 -6.895085e+01 -1.168831e-02 9.994510e-01 3.099983e-02 6.440065e-01 9.872307e-01 6.608766e-03 1.591598e-01 -1.885097e-01
2.037108e-01 3.351417e-02 -9.784573e-01 -6.941170e+01 -1.055312e-02 9.994310e-01 3.203544e-02 6.433346e-01 9.789742e-01 3.799815e-03 2.039486e-01 -4.355515e-02
2.520932e-01 3.232609e-02 -9.671629e-01 -6.985249e+01 -7.043813e-03 9.994767e-01 3.157014e-02 6.425532e-01 9.676773e-01 -1.146104e-03 2.521890e-01 1.055153e-01
3.026903e-01 2.732304e-02 -9.526973e-01 -7.027117e+01 6.707991e-04 9.995826e-01 2.888083e-02 6.432116e-01 9.530887e-01 -9.381014e-03 3.025456e-01 2.766594e-01
3.541790e-01 2.198900e-02 -9.349191e-01 -7.067423e+01 6.101952e-03 9.996479e-01 2.582302e-02 6.443993e-01 9.351577e-01 -1.485081e-02 3.539202e-01 4.714234e-01
4.073920e-01 1.727706e-02 -9.130900e-01 -7.107791e+01 1.131080e-02 9.996489e-01 2.396141e-02 6.494369e-01 9.131834e-01 -2.008947e-02 4.070535e-01 6.824781e-01
4.581839e-01 1.660571e-02 -8.887023e-01 -7.144782e+01 1.085373e-02 9.996464e-01 2.427455e-02 6.587317e-01 8.887911e-01 -2.076795e-02 4.578417e-01 9.162357e-01
5.069116e-01 1.536487e-02 -8.618611e-01 -7.182420e+01 1.223768e-02 9.996121e-01 2.501833e-02 6.654897e-01 8.619112e-01 -2.322927e-02 5.065269e-01 1.169329e+00
5.522064e-01 1.123253e-02 -8.336318e-01 -7.217010e+01 1.977480e-02 9.994515e-01 2.656586e-02 6.684747e-01 8.334729e-01 -3.115474e-02 5.516814e-01 1.447875e+00
5.946503e-01 4.367463e-03 -8.039726e-01 -7.247271e+01 3.065249e-02 9.991350e-01 2.809946e-02 6.726472e-01 8.033999e-01 -4.135311e-02 5.940021e-01 1.761838e+00
6.373324e-01 -8.321567e-04 -7.705885e-01 -7.278571e+01 3.223997e-02 9.991526e-01 2.558581e-02 6.760320e-01 7.699143e-01 -4.115042e-02 6.368192e-01 2.068562e+00
6.788669e-01 -5.935522e-03 -7.342374e-01 -7.309528e+01 2.927716e-02 9.993909e-01 1.899030e-02 6.835028e-01 7.336775e-01 -3.438828e-02 6.786272e-01 2.390537e+00
7.195561e-01 -1.247487e-02 -6.943223e-01 -7.338736e+01 2.557973e-02 9.996362e-01 8.548935e-03 6.836247e-01 6.939631e-01 -2.391201e-02 7.196134e-01 2.740250e+00
7.592581e-01 -1.528356e-02 -6.506102e-01 -7.366532e+01 2.089422e-02 9.997813e-01 8.974479e-04 6.874604e-01 6.504542e-01 -1.427539e-02 7.594114e-01 3.103104e+00
7.967083e-01 -1.634716e-02 -6.041429e-01 -7.393743e+01 1.945718e-02 9.998097e-01 -1.394297e-03 6.853395e-01 6.040507e-01 -1.064407e-02 7.968748e-01 3.503468e+00
8.306978e-01 -1.724237e-02 -5.564566e-01 -7.415007e+01 1.914563e-02 9.998138e-01 -2.398981e-03 6.797837e-01 5.563944e-01 -8.660886e-03 8.308732e-01 3.905909e+00
8.617178e-01 -1.596146e-02 -5.071367e-01 -7.438815e+01 1.603964e-02 9.998625e-01 -4.215073e-03 6.776261e-01 5.071342e-01 -4.502087e-03 8.618553e-01 4.357157e+00
8.880619e-01 -1.420999e-02 -4.595042e-01 -7.460679e+01 1.487125e-02 9.998870e-01 -2.180157e-03 6.664507e-01 4.594833e-01 -4.897288e-03 8.881729e-01 4.838258e+00
9.097520e-01 -8.266277e-03 -4.150698e-01 -7.483510e+01 8.616641e-03 9.999623e-01 -1.028645e-03 6.641463e-01 4.150627e-01 -2.640696e-03 9.097890e-01 5.354654e+00
9.275585e-01 -3.493771e-03 -3.736616e-01 -7.503139e+01 2.896299e-03 9.999935e-01 -2.160409e-03 6.585209e-01 3.736667e-01 9.216701e-04 9.275626e-01 5.878665e+00
9.414901e-01 2.027371e-03 -3.370344e-01 -7.523214e+01 -2.295976e-03 9.999973e-01 -3.983954e-04 6.525153e-01 3.370327e-01 1.148908e-03 9.414922e-01 6.435832e+00
9.517202e-01 3.115885e-03 -3.069511e-01 -7.539696e+01 -2.688832e-03 9.999947e-01 1.814140e-03 6.442895e-01 3.069551e-01 -9.012138e-04 9.517236e-01 6.992873e+00
9.592394e-01 2.606415e-03 -2.825828e-01 -7.555637e+01 -1.714395e-03 9.999927e-01 3.403891e-03 6.378255e-01 2.825897e-01 -2.780687e-03 9.592369e-01 7.577368e+00
9.652437e-01 2.875487e-03 -2.613358e-01 -7.571982e+01 -1.500039e-03 9.999840e-01 5.462465e-03 6.364889e-01 2.613473e-01 -4.880596e-03 9.652325e-01 8.185898e+00
9.700132e-01 5.346124e-03 -2.429933e-01 -7.587816e+01 -3.483383e-03 9.999612e-01 8.094828e-03 6.357211e-01 2.430271e-01 -7.005651e-03 9.699942e-01 8.811644e+00
9.738002e-01 1.024597e-02 -2.271742e-01 -7.604924e+01 -8.275519e-03 9.999194e-01 9.624505e-03 6.375320e-01 2.272545e-01 -7.492360e-03 9.738066e-01 9.460300e+00
9.767578e-01 1.414722e-02 -2.138787e-01 -7.619322e+01 -1.206513e-02 9.998663e-01 1.103720e-02 6.337569e-01 2.140063e-01 -8.200199e-03 9.767979e-01 1.010880e+01
9.796028e-01 1.337678e-02 -2.004977e-01 -7.633801e+01 -1.143642e-02 9.998759e-01 1.083291e-02 6.310653e-01 2.006178e-01 -8.318973e-03 9.796343e-01 1.078350e+01
9.823326e-01 1.435249e-02 -1.865924e-01 -7.647046e+01 -1.260009e-02 9.998647e-01 1.057423e-02 6.261870e-01 1.867189e-01 -8.036333e-03 9.823805e-01 1.147022e+01
9.850223e-01 1.457361e-02 -1.718100e-01 -7.659633e+01 -1.285078e-02 9.998554e-01 1.113556e-02 6.290023e-01 1.719474e-01 -8.760878e-03 9.850672e-01 1.216139e+01
9.873625e-01 1.629069e-02 -1.576388e-01 -7.670421e+01 -1.462382e-02 9.998243e-01 1.172814e-02 6.264535e-01 1.578021e-01 -9.274645e-03 9.874272e-01 1.285526e+01
9.892619e-01 1.644708e-02 -1.452251e-01 -7.679772e+01 -1.529129e-02 9.998419e-01 9.071364e-03 6.185547e-01 1.453514e-01 -6.753276e-03 9.893571e-01 1.355170e+01
9.908053e-01 1.708407e-02 -1.342124e-01 -7.689849e+01 -1.671853e-02 9.998528e-01 3.850204e-03 6.122976e-01 1.342585e-01 -1.570967e-03 9.909451e-01 1.428278e+01
9.920987e-01 1.543131e-02 -1.245069e-01 -7.699265e+01 -1.584778e-02 9.998716e-01 -2.355162e-03 6.076111e-01 1.244546e-01 4.309710e-03 9.922159e-01 1.500916e+01
9.930731e-01 1.538164e-02 -1.164867e-01 -7.708164e+01 -1.579742e-02 9.998717e-01 -2.646863e-03 6.031922e-01 1.164310e-01 4.468718e-03 9.931887e-01 1.576979e+01
9.938253e-01 1.754051e-02 -1.095614e-01 -7.718456e+01 -1.727663e-02 9.998451e-01 3.357381e-03 5.974666e-01 1.096033e-01 -1.443799e-03 9.939744e-01 1.656359e+01
9.942962e-01 2.257552e-02 -1.042370e-01 -7.727856e+01 -2.148688e-02 9.997024e-01 1.155518e-02 5.847231e-01 1.044668e-01 -9.249545e-03 9.944854e-01 1.733517e+01
9.947202e-01 2.317431e-02 -9.997358e-02 -7.736631e+01 -2.176395e-02 9.996480e-01 1.517517e-02 5.805058e-01 1.002901e-01 -1.291923e-02 9.948744e-01 1.810767e+01
9.950855e-01 2.186022e-02 -9.657654e-02 -7.744060e+01 -2.059652e-02 9.996890e-01 1.406258e-02 5.780536e-01 9.685391e-02 -1.200433e-02 9.952262e-01 1.886853e+01
9.953856e-01 2.135380e-02 -9.354939e-02 -7.753054e+01 -2.023403e-02 9.997120e-01 1.290206e-02 5.806310e-01 9.379796e-02 -1.094964e-02 9.955310e-01 1.967300e+01
9.956811e-01 2.038193e-02 -9.057396e-02 -7.759786e+01 -1.908461e-02 9.997028e-01 1.516646e-02 5.747949e-01 9.085617e-02 -1.337239e-02 9.957742e-01 2.043047e+01
9.959423e-01 1.892393e-02 -8.798139e-02 -7.767473e+01 -1.744399e-02 9.996936e-01 1.755960e-02 5.721518e-01 8.828673e-02 -1.595361e-02 9.959673e-01 2.120950e+01
9.962267e-01 1.704292e-02 -8.509917e-02 -7.773081e+01 -1.545463e-02 9.996945e-01 1.928815e-02 5.658074e-01 8.540190e-02 -1.790019e-02 9.961858e-01 2.195519e+01
9.964187e-01 1.696562e-02 -8.283695e-02 -7.778481e+01 -1.570366e-02 9.997509e-01 1.586214e-02 5.584339e-01 8.308542e-02 -1.450449e-02 9.964369e-01 2.269911e+01
9.965074e-01 2.006370e-02 -8.105819e-02 -7.785350e+01 -1.944270e-02 9.997753e-01 8.443234e-03 5.538495e-01 8.120939e-02 -6.837755e-03 9.966736e-01 2.344463e+01
9.966128e-01 2.029578e-02 -7.969331e-02 -7.791755e+01 -2.030338e-02 9.997936e-01 7.150429e-04 5.506785e-01 7.969138e-02 9.054224e-04 9.968192e-01 2.419676e+01
9.966904e-01 2.132317e-02 -7.844434e-02 -7.798276e+01 -2.166132e-02 9.997594e-01 -3.462278e-03 5.417936e-01 7.835164e-02 5.150028e-03 9.969125e-01 2.495510e+01
9.968164e-01 2.337146e-02 -7.622848e-02 -7.805170e+01 -2.358340e-02 9.997201e-01 -1.881273e-03 5.300543e-01 7.616318e-02 3.673010e-03 9.970886e-01 2.571635e+01
9.969169e-01 2.723695e-02 -7.358610e-02 -7.812290e+01 -2.716268e-02 9.996290e-01 2.009974e-03 5.163647e-01 7.361355e-02 -4.980651e-06 9.972868e-01 2.647726e+01
9.969836e-01 3.061618e-02 -7.131806e-02 -7.818749e+01 -3.018729e-02 9.995192e-01 7.084163e-03 5.052204e-01 7.150065e-02 -4.909896e-03 9.974285e-01 2.723317e+01
9.972358e-01 2.850205e-02 -6.861720e-02 -7.824781e+01 -2.794978e-02 9.995689e-01 8.995508e-03 4.982376e-01 6.884401e-02 -7.052807e-03 9.976025e-01 2.799347e+01
9.973690e-01 2.541792e-02 -6.789004e-02 -7.829110e+01 -2.486976e-02 9.996510e-01 8.907301e-03 4.875286e-01 6.809276e-02 -7.195456e-03 9.976530e-01 2.874692e+01
9.974815e-01 2.391152e-02 -6.677435e-02 -7.834651e+01 -2.336456e-02 9.996869e-01 8.960307e-03 4.790084e-01 6.696769e-02 -7.377588e-03 9.977279e-01 2.949262e+01
9.975830e-01 2.357635e-02 -6.536219e-02 -7.840842e+01 -2.317663e-02 9.997078e-01 6.866971e-03 4.755215e-01 6.550499e-02 -5.335499e-03 9.978380e-01 3.024632e+01
9.976640e-01 2.163098e-02 -6.479671e-02 -7.845787e+01 -2.132158e-02 9.997577e-01 5.462715e-03 4.702978e-01 6.489918e-02 -4.068386e-03 9.978835e-01 3.100233e+01
9.977293e-01 2.102390e-02 -6.398666e-02 -7.851252e+01 -2.071500e-02 9.997704e-01 5.487343e-03 4.626254e-01 6.408733e-02 -4.149399e-03 9.979357e-01 3.176454e+01
9.977124e-01 2.456448e-02 -6.298027e-02 -7.856933e+01 -2.421129e-02 9.996866e-01 6.365023e-03 4.568806e-01 6.311689e-02 -4.825629e-03 9.979945e-01 3.251510e+01
9.977150e-01 2.506209e-02 -6.274358e-02 -7.862980e+01 -2.477354e-02 9.996787e-01 5.372647e-03 4.498045e-01 6.285806e-02 -3.805989e-03 9.980152e-01 3.328990e+01
9.976128e-01 2.543909e-02 -6.419979e-02 -7.869269e+01 -2.515514e-02 9.996699e-01 5.227507e-03 4.409441e-01 6.431158e-02 -3.600073e-03 9.979234e-01 3.407749e+01
9.975368e-01 2.382055e-02 -6.597680e-02 -7.875436e+01 -2.350542e-02 9.997083e-01 5.548630e-03 4.347574e-01 6.608972e-02 -3.984150e-03 9.978057e-01 3.486301e+01
9.972798e-01 2.642863e-02 -6.880839e-02 -7.882118e+01 -2.612768e-02 9.996447e-01 5.270195e-03 4.254626e-01 6.892322e-02 -3.458056e-03 9.976160e-01 3.564714e+01
9.969872e-01 2.947179e-02 -7.174939e-02 -7.889277e+01 -2.919029e-02 9.995615e-01 4.968987e-03 4.185211e-01 7.186437e-02 -2.859631e-03 9.974103e-01 3.644574e+01
9.967955e-01 2.989405e-02 -7.419612e-02 -7.896985e+01 -2.999349e-02 9.995501e-01 -2.261959e-04 4.135462e-01 7.415597e-02 2.450872e-03 9.972436e-01 3.724642e+01
9.965882e-01 3.044449e-02 -7.671460e-02 -7.903229e+01 -3.082749e-02 9.995174e-01 -3.812988e-03 4.086427e-01 7.656150e-02 6.164898e-03 9.970458e-01 3.801417e+01
9.964778e-01 2.988437e-02 -7.835143e-02 -7.911083e+01 -3.043385e-02 9.995198e-01 -5.828043e-03 4.003336e-01 7.813964e-02 8.192052e-03 9.969088e-01 3.882591e+01
9.962993e-01 3.056908e-02 -8.033261e-02 -7.919839e+01 -3.103963e-02 9.995075e-01 -4.615032e-03 3.845901e-01 8.015197e-02 7.091448e-03 9.967574e-01 3.966304e+01
9.961795e-01 2.968086e-02 -8.213096e-02 -7.927898e+01 -3.010992e-02 9.995386e-01 -3.990137e-03 3.676858e-01 8.197463e-02 6.447849e-03 9.966136e-01 4.048252e+01
9.960510e-01 2.895965e-02 -8.392726e-02 -7.934822e+01 -2.926731e-02 9.995686e-01 -2.437456e-03 3.592482e-01 8.382047e-02 4.884155e-03 9.964689e-01 4.129884e+01
9.959942e-01 2.894027e-02 -8.460530e-02 -7.942944e+01 -2.895765e-02 9.995801e-01 1.022032e-03 3.487644e-01 8.459936e-02 1.432033e-03 9.964140e-01 4.213059e+01
9.959130e-01 2.899183e-02 -8.553814e-02 -7.950223e+01 -2.861525e-02 9.995747e-01 5.625615e-03 3.387302e-01 8.566486e-02 -3.154928e-03 9.963190e-01 4.296746e+01
9.959785e-01 2.957904e-02 -8.456938e-02 -7.958902e+01 -2.905666e-02 9.995504e-01 7.401420e-03 3.291782e-01 8.475028e-02 -4.914351e-03 9.963901e-01 4.382881e+01
9.960806e-01 3.237038e-02 -8.231386e-02 -7.967540e+01 -3.186594e-02 9.994645e-01 7.435018e-03 3.243220e-01 8.251045e-02 -4.782869e-03 9.965787e-01 4.468202e+01
9.962452e-01 3.245204e-02 -8.026404e-02 -7.975711e+01 -3.208878e-02 9.994681e-01 5.811923e-03 3.214734e-01 8.040996e-02 -3.214525e-03 9.967567e-01 4.555309e+01
9.964679e-01 3.009183e-02 -7.839764e-02 -7.983982e+01 -2.991358e-02 9.995465e-01 3.447283e-03 3.149823e-01 7.846582e-02 -1.089953e-03 9.969162e-01 4.642921e+01
9.967263e-01 2.612169e-02 -7.651301e-02 -7.991111e+01 -2.607496e-02 9.996587e-01 1.609759e-03 3.080126e-01 7.652895e-02 3.905849e-04 9.970673e-01 4.730818e+01
9.968708e-01 2.566736e-02 -7.476457e-02 -7.997304e+01 -2.563607e-02 9.996704e-01 1.378257e-03 2.922060e-01 7.477530e-02 5.427261e-04 9.972003e-01 4.817373e+01
9.970107e-01 2.348145e-02 -7.360854e-02 -8.004454e+01 -2.326837e-02 9.997222e-01 3.750981e-03 2.829565e-01 7.367617e-02 -2.027018e-03 9.972802e-01 4.904416e+01
9.971038e-01 2.132757e-02 -7.300033e-02 -8.009810e+01 -2.090630e-02 9.997601e-01 6.530154e-03 2.609076e-01 7.312209e-02 -4.985075e-03 9.973105e-01 4.990267e+01
9.971640e-01 2.134431e-02 -7.216919e-02 -8.016033e+01 -2.091105e-02 9.997585e-01 6.753586e-03 2.476539e-01 7.229592e-02 -5.225298e-03 9.973695e-01 5.075744e+01
9.971975e-01 2.308385e-02 -7.116311e-02 -8.023262e+01 -2.288601e-02 9.997316e-01 3.594224e-03 2.311569e-01 7.122698e-02 -1.955512e-03 9.974582e-01 5.162273e+01
9.971702e-01 2.577615e-02 -7.062046e-02 -8.030308e+01 -2.599980e-02 9.996594e-01 -2.249492e-03 2.159239e-01 7.053842e-02 4.079245e-03 9.975007e-01 5.247892e+01
9.971828e-01 2.750944e-02 -6.978346e-02 -8.036597e+01 -2.810550e-02 9.995763e-01 -7.573984e-03 1.968774e-01 6.954554e-02 9.513946e-03 9.975334e-01 5.332183e+01
9.970805e-01 3.275662e-02 -6.897489e-02 -8.044095e+01 -3.375990e-02 9.993397e-01 -1.343010e-02 1.735913e-01 6.848942e-02 1.571948e-02 9.975280e-01 5.417006e+01
9.971443e-01 3.268449e-02 -6.808030e-02 -8.050370e+01 -3.373280e-02 9.993285e-01 -1.430562e-02 1.497429e-01 6.756702e-02 1.656130e-02 9.975773e-01 5.501764e+01
9.972579e-01 3.020563e-02 -6.756010e-02 -8.057035e+01 -3.085492e-02 9.994870e-01 -8.587511e-03 1.303112e-01 6.726605e-02 1.064852e-02 9.976782e-01 5.587361e+01
9.972470e-01 2.906023e-02 -6.822036e-02 -8.062368e+01 -2.909122e-02 9.995766e-01 5.392909e-04 1.102042e-01 6.820715e-02 1.446807e-03 9.976701e-01 5.670496e+01
9.972064e-01 2.876038e-02 -6.893629e-02 -8.069364e+01 -2.825919e-02 9.995667e-01 8.234687e-03 8.847655e-02 6.914326e-02 -6.263599e-03 9.975871e-01 5.755645e+01
9.970882e-01 2.727628e-02 -7.121164e-02 -8.076029e+01 -2.691294e-02 9.996194e-01 6.056928e-03 7.496870e-02 7.134975e-02 -4.122778e-03 9.974428e-01 5.839675e+01
9.970758e-01 2.220612e-02 -7.312199e-02 -8.082572e+01 -2.208395e-02 9.997530e-01 2.478969e-03 6.342627e-02 7.315898e-02 -8.568975e-04 9.973199e-01 5.923981e+01
9.969128e-01 2.118174e-02 -7.560616e-02 -8.089626e+01 -2.116675e-02 9.997755e-01 9.996688e-04 4.718175e-02 7.561036e-02 6.037545e-04 9.971373e-01 6.007647e+01
9.966692e-01 2.338877e-02 -7.812529e-02 -8.097445e+01 -2.356832e-02 9.997213e-01 -1.376745e-03 3.040235e-02 7.807131e-02 3.213440e-03 9.969426e-01 6.090083e+01
9.963456e-01 2.520970e-02 -8.160889e-02 -8.104774e+01 -2.566333e-02 9.996605e-01 -4.514227e-03 1.058019e-02 8.146738e-02 6.592086e-03 9.966542e-01 6.170691e+01
9.960185e-01 2.586039e-02 -8.531365e-02 -8.113282e+01 -2.663098e-02 9.996141e-01 -7.906612e-03 -7.391881e-03 8.507626e-02 1.014712e-02 9.963228e-01 6.252594e+01
9.957051e-01 2.758497e-02 -8.837714e-02 -8.121981e+01 -2.872115e-02 9.995200e-01 -1.161008e-02 -3.025203e-02 8.801446e-02 1.409851e-02 9.960194e-01 6.333520e+01
9.952923e-01 3.249658e-02 -9.130851e-02 -8.131210e+01 -3.369354e-02 9.993649e-01 -1.159775e-02 -5.449050e-02 9.087363e-02 1.461966e-02 9.957551e-01 6.414372e+01
9.948468e-01 3.591983e-02 -9.481349e-02 -8.140448e+01 -3.702453e-02 9.992651e-01 -9.917439e-03 -7.049758e-02 9.438758e-02 1.337676e-02 9.954457e-01 6.495731e+01
9.943742e-01 3.873795e-02 -9.858705e-02 -8.149079e+01 -3.930973e-02 9.992196e-01 -3.863273e-03 -9.295942e-02 9.836046e-02 7.716969e-03 9.951209e-01 6.574867e+01
9.939030e-01 3.971521e-02 -1.028573e-01 -8.158004e+01 -3.975445e-02 9.992081e-01 1.669229e-03 -1.092762e-01 1.028421e-01 2.429983e-03 9.946947e-01 6.656333e+01
9.934305e-01 3.858883e-02 -1.077344e-01 -8.167460e+01 -3.823726e-02 9.992545e-01 5.327899e-03 -1.221303e-01 1.078597e-01 -1.173429e-03 9.941654e-01 6.735693e+01
9.927023e-01 3.859490e-02 -1.142477e-01 -8.176696e+01 -3.813422e-02 9.992533e-01 6.215895e-03 -1.318304e-01 1.144023e-01 -1.813784e-03 9.934328e-01 6.814795e+01
9.920962e-01 3.611773e-02 -1.201694e-01 -8.186720e+01 -3.517587e-02 9.993316e-01 9.950505e-03 -1.390544e-01 1.204484e-01 -5.644796e-03 9.927035e-01 6.893723e+01
9.912263e-01 3.661367e-02 -1.270030e-01 -8.196169e+01 -3.568792e-02 9.993173e-01 9.557766e-03 -1.474445e-01 1.272662e-01 -4.941436e-03 9.918563e-01 6.969822e+01
9.902526e-01 4.090460e-02 -1.331412e-01 -8.207751e+01 -4.010380e-02 9.991577e-01 8.691954e-03 -1.520483e-01 1.333846e-01 -3.267763e-03 9.910590e-01 7.047144e+01
9.892936e-01 4.310820e-02 -1.394270e-01 -8.219525e+01 -4.282672e-02 9.990699e-01 5.019872e-03 -1.622738e-01 1.395137e-01 1.005074e-03 9.902196e-01 7.123787e+01
9.884693e-01 4.157333e-02 -1.456023e-01 -8.231678e+01 -4.168804e-02 9.991281e-01 2.264594e-03 -1.704979e-01 1.455695e-01 3.831394e-03 9.893406e-01 7.200926e+01
9.876432e-01 4.270067e-02 -1.507899e-01 -8.245634e+01 -4.304766e-02 9.990726e-01 9.638572e-04 -1.808925e-01 1.506912e-01 5.539203e-03 9.885654e-01 7.278868e+01
9.868683e-01 4.463980e-02 -1.552361e-01 -8.259368e+01 -4.425207e-02 9.990027e-01 5.954266e-03 -1.863066e-01 1.553470e-01 9.934412e-04 9.878595e-01 7.356090e+01
9.858672e-01 4.563337e-02 -1.611939e-01 -8.273152e+01 -4.456477e-02 9.989540e-01 1.024043e-02 -1.945521e-01 1.614926e-01 -2.912138e-03 9.868696e-01 7.433069e+01
9.848987e-01 4.492574e-02 -1.672012e-01 -8.287103e+01 -4.343694e-02 9.989773e-01 1.255263e-02 -2.068027e-01 1.675942e-01 -5.100357e-03 9.858429e-01 7.508743e+01
9.838001e-01 4.245449e-02 -1.741693e-01 -8.301649e+01 -4.158089e-02 9.990976e-01 8.663370e-03 -2.118662e-01 1.743799e-01 -1.280910e-03 9.846776e-01 7.583465e+01
9.823764e-01 4.052796e-02 -1.824667e-01 -8.316625e+01 -4.093978e-02 9.991605e-01 1.510738e-03 -2.152891e-01 1.823747e-01 5.986033e-03 9.832109e-01 7.657647e+01
9.808498e-01 3.789367e-02 -1.910440e-01 -8.332742e+01 -3.865533e-02 9.992526e-01 -2.602452e-04 -2.241451e-01 1.908913e-01 7.640128e-03 9.815814e-01 7.731782e+01
9.787827e-01 3.762177e-02 -2.014175e-01 -8.349274e+01 -3.782442e-02 9.992804e-01 2.843876e-03 -2.360046e-01 2.013795e-01 4.834964e-03 9.795014e-01 7.805820e+01
9.765088e-01 3.711077e-02 -2.122578e-01 -8.367101e+01 -3.601284e-02 9.993105e-01 9.037696e-03 -2.390009e-01 2.124468e-01 -1.181384e-03 9.771719e-01 7.878981e+01
9.738649e-01 3.856057e-02 -2.238308e-01 -8.385333e+01 -3.564517e-02 9.992190e-01 1.705251e-02 -2.449084e-01 2.243136e-01 -8.628356e-03 9.744788e-01 7.952154e+01
9.712187e-01 3.938900e-02 -2.349099e-01 -8.404025e+01 -3.548486e-02 9.991532e-01 2.082538e-02 -2.524452e-01 2.355313e-01 -1.189025e-02 9.717940e-01 8.024525e+01
9.682200e-01 4.302697e-02 -2.463712e-01 -8.423058e+01 -4.017917e-02 9.990550e-01 1.657674e-02 -2.617480e-01 2.468517e-01 -6.150936e-03 9.690338e-01 8.094224e+01
9.650858e-01 4.230549e-02 -2.584951e-01 -8.443598e+01 -4.175585e-02 9.990988e-01 7.618648e-03 -2.649100e-01 2.585844e-01 3.441033e-03 9.659825e-01 8.164271e+01
9.618054e-01 4.047672e-02 -2.707249e-01 -8.465425e+01 -4.123343e-02 9.991453e-01 2.894435e-03 -2.701425e-01 2.706106e-01 8.379031e-03 9.626524e-01 8.235360e+01
9.584131e-01 3.976613e-02 -2.826005e-01 -8.487810e+01 -3.910924e-02 9.992032e-01 7.967569e-03 -2.746136e-01 2.826922e-01 3.416069e-03 9.592046e-01 8.306917e+01
9.550248e-01 4.028650e-02 -2.937766e-01 -8.510750e+01 -3.737940e-02 9.991808e-01 1.550581e-02 -2.754687e-01 2.941606e-01 -3.827240e-03 9.557483e-01 8.377781e+01
9.513283e-01 4.069085e-02 -3.054812e-01 -8.535457e+01 -3.600629e-02 9.991318e-01 2.095616e-02 -2.798193e-01 3.060687e-01 -8.936940e-03 9.519675e-01 8.449518e+01
9.472932e-01 3.906597e-02 -3.179772e-01 -8.560915e+01 -3.481026e-02 9.992122e-01 1.905694e-02 -2.820822e-01 3.184712e-01 -6.983640e-03 9.479068e-01 8.520406e+01
